日期,測站,測項,0,1,2,3,4,5,6,7,8,9,10,11,12,13,14,15,16,17,18,19,20,21,22,23
2014/1/1,豐原,AMB_TEMP,14,14,14,13,12,12,12,12,15,17,20,22,22,22,22,22,21,19,17,16,15,15,15,15
2014/1/1,豐原,CH4,1.8,1.8,1.8,1.8,1.8,1.8,1.8,1.8,1.8,1.8,1.8,1.8,1.8,1.8,1.8,1.8,1.8,1.8,1.8,1.8,1.8,1.8,1.8,1.8
2014/1/1,豐原,CO,0.51,0.41,0.39,0.37,0.35,0.3,0.37,0.47,0.78,0.74,0.59,0.52,0.41,0.4,0.37,0.37,0.47,0.69,0.56,0.45,0.38,0.35,0.36,0.32
2014/1/1,豐原,NMHC,0.2,0.15,0.13,0.12,0.11,0.06,0.1,0.13,0.26,0.23,0.2,0.18,0.12,0.11,0.1,0.13,0.14,0.23,0.18,0.12,0.1,0.09,0.1,0.08
2014/1/1,豐原,NO,0.9,0.6,0.5,1.7,1.8,1.5,1.9,2.2,6.6,7.9,4.2,2.9,3.4,3,2.5,2.2,2.5,2.3,2.1,1.9,1.5,1.6,1.8,1.5
2014/1/1,豐原,NO2,16,9.2,8.2,6.9,6.8,3.8,6.9,7.8,15,21,14,11,14,12,11,11,22,28,19,12,8.1,7,6.9,6
2014/1/1,豐原,NOx,17,9.8,8.7,8.6,8.5,5.3,8.8,9.9,22,29,18,14,17,15,14,13,25,30,21,13,9.7,8.6,8.7,7.5
2014/1/1,豐原,O3,16,30,27,23,24,28,24,22,21,29,44,58,50,57,65,64,51,34,33,34,37,38,38,36
2014/1/1,豐原,PM10,56,50,48,35,25,12,4,2,11,38,56,64,56,57,52,51,66,85,85,63,46,36,42,42
2014/1/1,豐原,PM2.5,26,39,36,35,31,28,25,20,19,30,41,44,33,37,36,45,42,49,45,44,41,30,24,13
2014/1/1,豐原,RAINFALL,NR,NR,NR,NR,NR,NR,NR,NR,NR,NR,NR,NR,NR,NR,NR,NR,NR,NR,NR,NR,NR,NR,NR,NR
2014/1/1,豐原,RH,77,68,67,74,72,73,74,73,66,56,45,37,40,42,47,49,56,67,72,69,70,70,70,69
2014/1/1,豐原,SO2,1.8,2,1.7,1.6,1.9,1.4,1.5,1.6,5.1,15,4.5,2.7,3.5,3.6,3.9,4.4,9.9,5.1,3.4,2.3,2,1.9,1.9,1.9
2014/1/1,豐原,THC,2,2,2,1.9,1.9,1.8,1.9,1.9,2.1,2,2,2,1.9,1.9,1.9,1.9,1.9,2.1,2,1.9,1.9,1.9,1.9,1.9
2014/1/1,豐原,WD_HR,37,80,57,76,110,106,101,104,124,46,241,280,297,305,307,304,307,124,118,121,113,112,106,110
2014/1/1,豐原,WIND_DIREC,35,79,2.4,55,94,116,106,94,232,153,283,269,290,316,313,305,291,124,119,118,114,108,102,111
2014/1/1,豐原,WIND_SPEED,1.4,1.8,1,0.6,1.7,2.5,2.5,2,0.6,0.8,1.6,1.9,2.1,3.3,2.5,2.2,1.4,2.2,2.8,3,2.6,2.7,2.1,2.1
2014/1/1,豐原,WS_HR,0.5,0.9,0.6,0.3,0.6,1.9,2,2,0.5,0.3,0.8,1.2,2,2.6,2.1,2.1,1.9,1,2.5,2.5,2.8,2.6,2.4,2.3
2014/1/2,豐原,AMB_TEMP,16,15,15,14,14,15,16,16,17,20,22,23,24,24,24,24,23,21,20,19,18,18,18,18
2014/1/2,豐原,CH4,1.8,1.8,1.8,1.8,1.8,1.8,1.8,1.8,1.8,1.8,1.7,1.8,1.8,1.8,1.8,1.8,1.8,1.8,1.8,1.8,1.8,1.8,1.8,1.8
2014/1/2,豐原,CO,0.26,0.25,0.28,0.27,0.24,0.26,0.34,0.56,0.79,1.05,0.3,0.37,0.43,0.42,0.34,0.35,0.38,0.61,0.44,0.4,0.4,0.55,0.41,0.33
2014/1/2,豐原,NMHC,0.06,0.05,0.06,0.05,0.05,0.07,0.09,0.19,0.31,0.5,0.13,0.18,0.16,0.15,0.12,0.16,0.23,0.32,0.18,0.15,0.23,0.29,0.17,0.12
2014/1/2,豐原,NO,1.4,1.1,1.3,1,1.2,1.1,1.6,8.4,17,17,2.2,4.8,5.3,3.5,2.3,2.4,2.4,3.5,1.5,1.4,1.5,1.5,1.5,1.7
2014/1/2,豐原,NO2,3.7,3.2,3.3,3.1,3.1,4.3,9.4,19,26,36,8.4,17,24,18,12,16,18,25,15,12,13,21,15,9.1
2014/1/2,豐原,NOx,5,4.3,4.7,4.1,4.3,5.5,11,27,43,53,11,22,29,21,14,18,20,28,16,13,14,22,17,11
2014/1/2,豐原,O3,39,38,39,39,34,31,30,18,17,24,46,45,46,58,62,58,55,33,40,38,32,20,25,35
2014/1/2,豐原,PM10,49,34,31,16,18,8,16,24,37,58,51,63,60,75,71,66,69,65,61,64,62,57,49,42
2014/1/2,豐原,PM2.5,21,23,30,30,22,18,13,13,11,22,25,34,38,50,53,43,43,45,46,32,16,19,22,26
2014/1/2,豐原,RAINFALL,NR,NR,NR,NR,NR,NR,NR,NR,NR,NR,NR,NR,NR,NR,NR,NR,NR,NR,NR,NR,NR,NR,NR,NR
2014/1/2,豐原,RH,65,66,70,71,70,67,59,60,55,50,40,43,49,53,47,48,53,62,65,66,69,71,71,71
2014/1/2,豐原,SO2,1.8,0.8,0.9,0.8,0.8,0.7,0.8,1.2,3.3,8.3,1.9,4.9,8.3,4.1,2.8,4.1,4.6,3,2.4,1.8,1.5,1.9,2.9,1.8
2014/1/2,豐原,THC,1.8,1.8,1.8,1.8,1.8,1.8,1.8,2,2.1,2.3,1.9,2,2,2,1.9,1.9,2,2.1,2,1.9,2,2.1,2,1.9
2014/1/2,豐原,WD_HR,111,117,113,110,100,64,80,88,50,326,339,314,305,283,290,305,352,116,111,117,107,74,117,117
2014/1/2,豐原,WIND_DIREC,108,113,115,102,87,79,252,90,216,317,312,315,299,283,283,311,35,117,102,125,125,90,120,124
2014/1/2,豐原,WIND_SPEED,2.4,2.7,2.9,2.3,1.5,1,0.8,4,1,0.6,1.5,2,2.9,2.5,1.9,2.5,1.1,1.7,2.3,2.3,2,1.4,2.3,2.4
2014/1/2,豐原,WS_HR,2.5,2.4,2.8,2.7,2,0.5,0.8,1.5,0.7,0.2,0.7,1.2,2.6,2.2,1.6,2.2,0.5,1.6,2,2.3,1.7,0.6,1.8,2.2
2014/1/3,豐原,AMB_TEMP,18,18,18,18,18,18,18,19,19,20,22,23,24,24,24,22,22,21,20,20,20,20,20,19
2014/1/3,豐原,CH4,1.8,1.8,1.8,1.8,1.8,1.7,1.7,1.7,1.8,1.8,1.7,1.7,1.8,1.7,1.8,1.8,1.8,1.8,1.8,1.8,1.8,1.8,1.8,1.8
2014/1/3,豐原,CO,0.32,0.35,0.37,0.31,0.29,0.27,0.3,0.51,0.89,0.81,0.44,0.33,0.31,0.29,0.31,0.34,0.42,0.53,0.55,0.6,0.49,0.28,0.35,0.37
2014/1/3,豐原,NMHC,0.12,0.18,0.15,0.13,0.16,0.07,0.07,0.15,0.44,0.61,0.32,0.16,0.09,0.1,0.18,0.19,0.22,0.32,0.24,0.3,0.23,0.06,0.2,0.22
2014/1/3,豐原,NO,1.2,1.3,1.2,0.9,0.9,0.8,1.1,5.7,22,26,7.8,4.6,2.5,1.9,2.2,2.3,3.1,2,1.3,2.7,1.6,1.1,1.1,1.4
2014/1/3,豐原,NO2,8,9.7,10,7.2,7.4,6.2,7.7,18,24,27,19,15,10,9.2,11,15,26,22,25,29,19,6.1,9.6,11
2014/1/3,豐原,NOx,9.2,11,11,8.1,8.3,7,8.8,24,46,53,27,20,13,11,13,17,29,24,26,32,20,7.2,11,12
2014/1/3,豐原,O3,34,28,30,33,30,34,33,15,5.2,8.7,25,43,56,57,50,45,30,26,19,10,20,37,29,22
2014/1/3,豐原,PM10,38,27,31,33,30,19,12,10,12,15,36,43,43,33,41,56,68,73,72,70,61,53,50,52
2014/1/3,豐原,PM2.5,19,25,27,20,16,14,15,8,4,9,16,22,23,29,32,36,34,45,40,41,23,29,23,37
2014/1/3,豐原,RAINFALL,NR,NR,NR,NR,NR,NR,1.2,1.6,0.8,NR,NR,NR,NR,NR,NR,NR,NR,NR,NR,NR,NR,NR,NR,NR
2014/1/3,豐原,RH,72,73,73,76,76,76,84,90,91,89,77,65,57,54,58,62,65,70,71,73,72,66,69,74
2014/1/3,豐原,SO2,1.7,2.8,2.7,2.8,2.3,2,1.6,3.2,2.3,6.6,4.2,6,3.6,4.1,3.4,4.3,8,3.8,3.8,3.8,3.3,2.2,2.3,2.2
2014/1/3,豐原,THC,1.9,2,1.9,1.9,1.9,1.8,1.8,1.9,2.2,2.4,2.1,1.9,1.8,1.8,1.9,1.9,2,2.1,2,2.1,2,1.8,2,2
2014/1/3,豐原,WD_HR,117,106,91,115,93,115,101,98,53,278,308,298,304,298,311,314,309,42,54,48,61,95,6.5,45
2014/1/3,豐原,WIND_DIREC,111,71,122,145,116,110,77,89,69,66,303,301,303,289,310,319,314,48,57,46,61,82,63,31
2014/1/3,豐原,WIND_SPEED,1.5,1.6,1.2,1.6,1.3,2.8,1.4,1.3,0.6,1.1,2,2.2,3.1,1.9,3,2.5,1.5,1.6,1.4,1.2,1.8,1.4,1.5,1.4
2014/1/3,豐原,WS_HR,1.7,1.2,1.2,1.2,1.2,2,1.3,1,0.4,0.4,0.9,1.9,2.4,1.7,2.1,2,1.4,0.6,1.3,0.7,1.2,2.5,0.4,0.5
2014/1/4,豐原,AMB_TEMP,19,18,18,17,17,16,17,17,18,18,19,19,19,20,19,18,18,16,16,15,15,15,14,13
2014/1/4,豐原,CH4,1.8,1.8,1.8,1.8,1.8,1.8,1.8,1.8,1.8,1.8,1.8,1.8,1.8,1.8,1.8,1.8,1.8,1.8,1.8,1.8,1.8,1.8,1.8,1.9
2014/1/4,豐原,CO,0.35,0.35,0.32,0.33,0.32,0.33,0.35,0.41,0.43,0.43,0.47,0.53,0.55,0.51,0.48,0.53,0.59,0.7,0.66,0.79,0.64,0.66,0.68,0.65
2014/1/4,豐原,NMHC,0.24,0.18,0.53,0.28,0.24,0.22,0.09,0.1,0.1,0.09,0.11,0.14,0.16,0.17,0.18,0.14,0.23,0.18,0.19,0.27,0.15,0.14,0.15,0.19
2014/1/4,豐原,NO,0.8,1.1,1,1.2,1.3,1.1,1.2,1.3,1.6,1.9,2,2.2,2.2,1.9,1.9,1.8,1.7,1.6,1.5,1.5,1.7,1.4,1.4,1.2
2014/1/4,豐原,NO2,11,11,9.7,9.6,7.5,7.5,7.2,7.5,8,7.1,8.1,9.7,11,11,10,12,15,18,14,20,13,14,15,15
2014/1/4,豐原,NOx,12,12,11,11,8.7,8.6,8.4,8.8,9.7,9,10,12,13,12,12,13,16,20,16,22,15,15,17,16
2014/1/4,豐原,O3,20,15,17,22,26,26,33,40,41,47,49,54,58,62,60,56,52,46,45,34,45,38,32,29
2014/1/4,豐原,PM10,49,41,40,37,37,40,52,53,55,53,73,85,105,107,118,115,124,128,134,143,140,133,121,100
2014/1/4,豐原,PM2.5,27,27,14,20,22,24,26,33,48,50,49,45,63,63,62,55,56,67,78,83,90,75,85,82
2014/1/4,豐原,RAINFALL,NR,NR,NR,NR,NR,NR,NR,NR,NR,NR,NR,NR,NR,NR,NR,NR,NR,NR,NR,NR,NR,NR,NR,NR
2014/1/4,豐原,RH,76,79,79,75,73,75,74,69,66,64,62,55,51,49,49,51,55,59,61,66,60,64,65,67
2014/1/4,豐原,SO2,2.1,1.7,1.5,1.8,1.9,1.7,1.9,2.3,2.9,3.6,4.2,5.3,5.7,5.5,5.2,5.9,6.6,6.9,5.9,5.5,5.2,4.6,3.7,3.1
2014/1/4,豐原,THC,2,2,2.4,2.1,2,2,1.9,1.9,1.9,1.9,1.9,2,2,2,2,1.9,2,2,2,2.1,2,2,2,2
2014/1/4,豐原,WD_HR,29,54,346,30,50,23,58,63,78,56,56,352,70,310,139,83,77,61,57,58,72,65,59,9.9
2014/1/4,豐原,WIND_DIREC,36,45,37,79,34,94,62,60,69,48,53,301,345,63,81,80,111,55,62,57,70,79,55,68
2014/1/4,豐原,WIND_SPEED,1,0.8,1,1.6,1.3,1.4,1.8,1.6,2.6,3,2.6,3.3,3.1,2.5,2.7,2,2.1,2.5,1.5,1.1,1.6,1.9,1.3,1.6
2014/1/4,豐原,WS_HR,0.6,0.7,0.5,0.8,0.5,0.5,0.9,0.6,1.1,2.3,2,0.8,0.1,0.4,0,0.8,0.4,1.1,1.4,0.7,1.8,1.2,0.9,0.7
2014/1/5,豐原,AMB_TEMP,13,12,13,12,12,12,12,13,14,16,18,19,20,21,21,20,19,17,16,16,15,14,14,13
2014/1/5,豐原,CH4,1.8,1.9,1.9,1.8,1.8,1.8,1.8,1.8,1.8,1.8,1.8,1.8,1.8,1.8,1.8,1.8,1.8,1.8,1.8,1.8,1.8,1.8,1.8,1.8
2014/1/5,豐原,CO,0.59,0.56,0.54,0.54,0.54,0.54,0.54,0.52,0.6,0.54,0.52,0.49,0.49,0.46,0.47,0.47,0.47,0.59,0.5,0.48,0.5,0.51,0.44,0.41
2014/1/5,豐原,NMHC,0.22,0.15,0.25,0.24,0.21,0.16,0.1,0.08,0.13,0.14,0.1,0.08,0.08,0.07,0.08,0.08,0.08,0.13,0.1,0.1,0.1,0.11,0.09,0.08
2014/1/5,豐原,NO,1,1.3,1.3,0.5,1,1,0.8,1.1,1.8,2.5,2,1.5,2.8,1.9,1.2,0.9,0.9,0.8,0.9,1.1,0.8,1.3,0.7,0.9
2014/1/5,豐原,NO2,11,8.2,7.7,6.4,6.1,6.3,6.8,6,13,11,8.4,6.9,15,9.2,7.3,7.5,9.2,16,12,9.2,10,10,7.8,6.9
2014/1/5,豐原,NOx,12,9.5,9,6.9,7.1,7.3,7.6,7.1,14,14,10,8.4,18,11,8.5,8.4,10,17,13,10,11,12,8.5,7.7
2014/1/5,豐原,O3,30,33,38,39,40,40,43,43,32,35,45,55,55,66,72,72,68,54,56,56,50,42,41,43
2014/1/5,豐原,PM10,91,82,84,83,85,96,105,98,83,65,68,70,82,87,101,107,111,110,115,109,97,87,75,70
2014/1/5,豐原,PM2.5,80,80,76,81,75,66,70,65,66,57,56,64,67,72,64,73,57,57,53,70,70,60,68,66
2014/1/5,豐原,RAINFALL,NR,NR,NR,NR,NR,NR,NR,NR,NR,NR,NR,NR,NR,NR,NR,NR,NR,NR,NR,NR,NR,NR,NR,NR
2014/1/5,豐原,RH,68,68,64,66,66,64,60,56,59,52,48,43,40,38,38,41,45,51,54,55,60,67,68,69
2014/1/5,豐原,SO2,2.8,3.4,4,4.1,4.5,4.5,4.8,4.3,3.4,2.9,3.8,5.3,9.6,7.3,5.7,5.9,6,5.6,5.3,4.9,4,2.6,2,1.8
2014/1/5,豐原,THC,2.1,2,2.1,2.1,2.1,2,1.9,1.9,2,2,1.9,1.9,1.9,1.9,1.9,1.9,1.9,2,1.9,1.9,1.9,1.9,1.9,1.9
2014/1/5,豐原,WD_HR,50,44,20,54,334,31,58,58,69,82,327,302,292,325,310,309,75,60,69,83,98,112,116,108
2014/1/5,豐原,WIND_DIREC,59,340,87,16,57,24,54,60,76,92,305,283,333,309,311,286,65,56,66,92,96,114,111,112
2014/1/5,豐原,WIND_SPEED,1.2,1.4,1.9,1.7,2,1.6,3.4,1.6,1.6,2.2,2.2,1.6,1.6,2,2.5,2.7,1.8,1.2,3.3,1.9,1.1,2.3,2.3,2.2
2014/1/5,豐原,WS_HR,0.5,1,0.3,0.5,0.5,0.4,1.6,1.2,0.7,0.5,0.9,1.3,1.6,0.8,1.7,1,0.8,0.7,2.1,2.1,1.5,1.8,1.8,2.2
2014/1/6,豐原,AMB_TEMP,13,13,13,14,14,15,14,14,16,16,18,19,17,20,20,19,18,17,16,15,15,15,15,14
2014/1/6,豐原,CH4,1.8,1.8,1.8,1.8,1.8,1.8,1.8,1.8,1.9,1.9,1.8,1.9,1.9,1.8,1.8,1.8,1.8,1.9,1.9,1.9,1.9,1.8,1.8,1.8
2014/1/6,豐原,CO,0.43,0.43,0.4,0.41,0.41,0.39,0.4,0.57,1.35,1.25,0.75,0.97,0.76,0.51,0.53,0.46,0.55,0.77,0.88,0.66,0.69,0.5,0.41,0.35
2014/1/6,豐原,NMHC,0.09,0.09,0.13,0.09,0.11,0.08,0.09,0.14,0.53,0.73,0.55,0.74,0.6,0.2,0.27,0.22,0.32,0.53,0.5,0.29,0.3,0.16,0.11,0.09
2014/1/6,豐原,NO,0.9,0.7,0.7,0.4,0.8,0.6,0.7,1.7,20,29,11,9.8,16,3.3,7.5,4.8,2.7,3.4,9.3,2.3,6,1,0.8,0.7
2014/1/6,豐原,NO2,5.7,5.6,6.1,6,6.3,5.8,11,11,36,43,33,29,42,16,29,30,30,41,42,27,26,16,9.9,7.3
2014/1/6,豐原,NOx,6.7,6.4,6.8,6.3,7.1,6.4,12,13,57,71,43,39,58,19,36,35,32,44,52,29,32,17,11,7.9
2014/1/6,豐原,O3,47,48,39,43,43,45,31,31,9.4,5.7,22,22,12,54,35,33,30,12,3.5,14,13,23,28,28
2014/1/6,豐原,PM10,56,67,62,64,48,52,38,37,45,70,81,97,97,93,110,101,101,90,85,88,75,75,64,68
2014/1/6,豐原,PM2.5,66,55,46,46,46,42,35,35,40,45,48,57,57,59,62,59,61,50,60,62,62,50,45,43
2014/1/6,豐原,RAINFALL,NR,NR,NR,NR,NR,NR,NR,NR,NR,NR,NR,NR,NR,NR,NR,NR,NR,NR,NR,NR,NR,NR,NR,NR
2014/1/6,豐原,RH,69,69,69,69,64,58,60,60,58,58,50,47,58,41,45,51,56,62,69,69,69,70,69,71
2014/1/6,豐原,SO2,2.2,2.1,2.1,2.2,2,1.7,2.1,1.4,5.6,5.4,2.9,5.8,7.3,3.5,9,8.9,4.4,4.1,3,2.3,3.1,1.9,1.4,1.2
2014/1/6,豐原,THC,1.9,1.9,2,1.9,1.9,1.9,1.9,1.9,2.4,2.6,2.4,2.6,2.5,2,2.1,2,2.2,2.4,2.4,2.2,2.2,2,1.9,1.9
2014/1/6,豐原,WD_HR,109,109,108,107,97,102,89,108,102,331,0.6,261,45,81,312,315,326,50,69,111,119,104,105,106
2014/1/6,豐原,WIND_DIREC,94,148,102,95,118,158,116,98,93,298,308,304,44,342,8,273,17,72,75,110,94,100,91,112
2014/1/6,豐原,WIND_SPEED,2,1,1.6,2,2.2,1.6,3.3,1.9,0.8,1.1,1.2,2.1,1.2,1.4,1.8,1.7,1.1,0.9,0.9,1.3,1.8,2.2,1.9,1.9
2014/1/6,豐原,WS_HR,2.2,1.6,1.5,1.7,1.6,1.6,1.3,2.2,0.4,0.4,0.4,1,0.5,1.3,2,1.4,0.7,0.6,0.5,1,0.9,2,2.1,1.9
2014/1/7,豐原,AMB_TEMP,14,14,14,14,14,14,14,14,16,18,21,22,23,23,20,19,20,19,18,19,17,16,16,16
2014/1/7,豐原,CH4,1.8,1.8,1.8,1.8,1.8,1.8,1.8,1.8,1.8,1.8,1.8,1.8,1.9,1.8,1.8,1.7,1.8,1.8,1.8,1.8,1.8,1.8,1.8,1.8
2014/1/7,豐原,CO,0.32,0.32,0.3,0.29,0.3,0.31,0.37,0.71,0.97,0.7,0.69,0.78,0.82,0.65,0.31,0.34,0.43,0.65,0.58,0.55,0.49,0.43,0.42,0.44
2014/1/7,豐原,NMHC,0.07,0.09,0.06,0.06,0.07,0.08,0.2,0.22,0.37,0.31,0.27,0.42,0.37,0.26,0.14,0.18,0.3,0.34,0.25,0.23,0.19,0.15,0.15,0.18
2014/1/7,豐原,NO,0.4,0.7,0.8,0.7,0.8,0.8,1.1,7.4,20,5.1,4.1,3.1,2.3,1.8,2,3.3,1.8,1.9,1.1,1,1,1,1,1.2
2014/1/7,豐原,NO2,5.6,5.7,5,3.5,3.3,4.4,6.7,15,23,20,20,26,26,23,14,25,24,29,21,18,14,11,13,16
2014/1/7,豐原,NOx,6,6.4,5.7,4.2,4.1,5.2,7.7,23,43,25,24,29,29,25,16,28,26,31,22,19,15,12,14,17
2014/1/7,豐原,O3,32,33,35,35,33,31,27,21,18,30,51,71,86,87,55,42,46,29,45,53,42,43,41,36
2014/1/7,豐原,PM10,45,32,25,31,45,43,44,34,40,39,54,63,85,91,99,100,103,107,108,106,93,87,75,73
2014/1/7,豐原,PM2.5,41,32,35,31,33,25,36,28,33,29,42,56,66,78,62,61,47,54,57,59,61,43,39,38
2014/1/7,豐原,RAINFALL,NR,NR,NR,NR,NR,NR,NR,NR,NR,NR,NR,NR,NR,NR,NR,NR,NR,NR,NR,NR,NR,NR,NR,NR
2014/1/7,豐原,RH,70,68,68,68,68,69,69,67,64,53,43,41,37,43,70,72,69,76,75,71,76,74,75,76
2014/1/7,豐原,SO2,1,1.6,1.4,1.4,1.6,1.4,1.5,2.5,6,15,6.7,6,5.3,4,4.3,11,5.8,4.4,3.4,3,2.2,2,3.3,4.2
2014/1/7,豐原,THC,1.9,1.9,1.9,1.8,1.8,1.8,2,2,2.2,2.1,2.1,2.3,2.2,2.1,1.9,1.9,2.1,2.1,2,2,2,1.9,1.9,2
2014/1/7,豐原,WD_HR,113,106,110,113,109,112,108,116,66,36,231,203,251,285,302,315,345,115,110,113,108,109,107,109
2014/1/7,豐原,WIND_DIREC,107,99,118,115,110,113,107,89,36,146,225,202,272,305,304,47,79,115,105,115,117,111,103,97
2014/1/7,豐原,WIND_SPEED,1.7,2,2.9,2.4,1.3,1.6,2.5,1.6,0.8,0.7,1.7,1.7,2,3.4,2.4,1.2,0.9,2.4,1.6,1.5,2.3,2.6,2.4,1.8
2014/1/7,豐原,WS_HR,2.1,1.9,2.4,2.5,2.1,1.8,1.9,1.6,1,0.4,1.2,1.1,1.3,2.2,2.7,1.6,0.4,1.8,1.5,1,2.2,2.3,2.6,1.5
2014/1/8,豐原,AMB_TEMP,15,15,15,15,15,15,15,16,18,21,22,23,23,23,22,20,19,18,18,17,16,15,14,14
2014/1/8,豐原,CH4,1.8,1.8,1.8,1.8,1.8,1.8,1.8,1.8,1.8,1.8,1.8,1.7,1.7,1.7,1.8,1.7,1.7,1.8,1.8,1.8,1.8,1.8,1.8,1.8
2014/1/8,豐原,CO,0.4,0.41,0.43,0.41,0.36,0.37,0.46,0.63,1.27,0.49,0.49,0.32,0.28,0.26,0.35,0.31,0.34,0.48,0.39,0.4,0.41,0.48,0.55,0.53
2014/1/8,豐原,NMHC,0.15,0.14,0.13,0.12,0.1,0.13,0.17,0.24,0.52,0.18,0.14,0.12,0.1,0.08,0.16,0.16,0.11,0.15,0.12,0.13,0.16,0.16,0.17,0.11
2014/1/8,豐原,NO,0.9,0.9,0.8,0.9,1.1,1.2,1.9,5.5,28,4.4,3,2.4,1.7,1.5,1.6,2.4,1.9,1.2,1.1,1.3,1.1,1.3,1.4,1.3
2014/1/8,豐原,NO2,10,8,7.3,6.3,5.8,9.4,15,17,34,18,18,11,9,10,14,17,11,12,9,12,11,11,11,9.3
2014/1/8,豐原,NOx,11,8.9,8.1,7.1,6.9,11,17,22,63,23,22,14,11,12,15,19,13,13,10,13,12,12,12,11
2014/1/8,豐原,O3,43,53,58,53,51,39,28,23,11,43,58,57,54,51,56,45,49,46,46,35,33,32,31,29
2014/1/8,豐原,PM10,73,73,80,82,85,68,48,38,49,61,68,60,55,50,61,73,72,62,54,54,52,39,32,20
2014/1/8,豐原,PM2.5,48,53,60,60,52,47,45,50,43,40,42,41,39,36,35,36,36,32,33,33,34,21,15,13
2014/1/8,豐原,RAINFALL,NR,NR,NR,NR,NR,NR,NR,NR,NR,NR,NR,NR,NR,NR,NR,NR,NR,NR,NR,NR,NR,NR,NR,NR
2014/1/8,豐原,RH,76,76,76,75,73,72,73,71,63,50,43,48,57,60,66,73,71,69,71,78,78,79,77,77
2014/1/8,豐原,SO2,2.6,2.5,2.3,2.1,2.9,5.4,6,2.6,7.3,7.6,9,4.1,2.8,4.2,5.5,5.4,3.6,3.6,2.7,2.7,2.1,2.1,2.4,2.3
2014/1/8,豐原,THC,1.9,1.9,2,2,1.9,1.9,2,2,2.3,1.9,1.9,1.9,1.8,1.8,1.9,1.9,1.9,1.9,1.9,1.9,1.9,1.9,2,1.9
2014/1/8,豐原,WD_HR,107,111,104,107,109,95,94,103,74,24,16,307,306,303,311,298,82,63,55,76,75,67,79,60
2014/1/8,豐原,WIND_DIREC,108,110,107,104,99,101,67,56,63,53,291,307,298,300,312,287,72,63,88,74,85,58,80,66
2014/1/8,豐原,WIND_SPEED,1.9,2.5,2.3,2.3,1.4,1.4,1.1,1.4,1,1.5,1.5,2.7,2.3,2.2,3.7,3.5,2.3,1.7,1.8,2.6,2.3,2.9,2.8,3.5
2014/1/8,豐原,WS_HR,1.8,2.2,2.1,1.9,1.7,1,0.8,1.3,0.4,0.7,0.5,1.4,1.4,1.8,2.7,1.7,1.2,1.2,2.3,1,1,1.3,0.7,3.2
2014/1/9,豐原,AMB_TEMP,14,13,13,13,12,12,12,13,13,14,14,14,15,15,15,14,13,12,12,12,12,12,12,12
2014/1/9,豐原,CH4,1.8,1.8,1.8,1.8,1.8,1.8,1.8,1.8,1.8,1.8,1.8,1.8,1.8,1.8,1.8,1.8,1.8,1.8,1.8,1.8,1.8,1.8,1.8,1.8
2014/1/9,豐原,CO,0.49,0.46,0.41,0.39,0.38,0.36,0.36,0.4,0.39,0.4,0.41,0.41,0.4,0.39,0.4,0.37,0.36,0.4,0.35,0.34,0.31,0.3,0.29,0.28
2014/1/9,豐原,NMHC,0.09,0.08,0.08,0.07,0.07,0.07,0.08,0.08,0.07,0.09,0.11,0.1,0.09,0.09,0.15,0.1,0.13,0.16,0.19,0.12,0.07,0.05,0.05,0.05
2014/1/9,豐原,NO,1.1,1.1,1,1.5,1.3,1.2,1,1.3,1.4,2.2,2.5,2.8,2.3,2.8,2.8,2.6,2.4,1.7,1.3,1.6,1.3,1,1.1,1.3
2014/1/9,豐原,NO2,8,7,6.8,5.1,5,5.4,6.8,6.9,5.7,6.8,8.1,8.6,7.5,8.1,8.5,9.3,12,13,12,10,6.9,5.5,5.2,4.2
2014/1/9,豐原,NOx,9.1,8,7.7,6.6,6.3,6.7,7.8,8.2,7.1,9,11,11,9.8,11,11,12,14,15,13,12,8.2,6.6,6.3,5.5
2014/1/9,豐原,O3,28,28,29,32,33,35,34,33,34,31,31,32,34,34,34,32,29,26,28,27,30,30,30,29
2014/1/9,豐原,PM10,17,17,12,10,16,28,29,27,21,31,20,22,20,0,0,18,18,19,19,23,17,12,2,2
2014/1/9,豐原,PM2.5,18,15,9,9,14,15,20,16,23,16,17,9,7,7,20,20,20,18,18,22,15,11,1,1
2014/1/9,豐原,RAINFALL,NR,NR,NR,NR,NR,NR,NR,NR,NR,NR,NR,NR,NR,NR,NR,NR,NR,NR,NR,NR,NR,NR,NR,NR
2014/1/9,豐原,RH,75,74,74,73,73,72,72,72,70,69,70,69,66,66,66,68,71,74,75,75,74,74,74,73
2014/1/9,豐原,SO2,2.1,1.8,1.8,1.5,1.7,1.8,2.2,1.8,1.6,1.7,1.7,1.7,1.6,-0.9,-0.9,-0.9,1.3,1.9,2,1.9,1.6,1.4,1.4,1.3
2014/1/9,豐原,THC,1.9,1.9,1.9,1.8,1.8,1.8,1.9,1.9,1.8,1.9,1.9,1.9,1.9,1.9,1.9,1.9,1.9,1.9,2,1.9,1.8,1.8,1.8,1.8
2014/1/9,豐原,WD_HR,58,59,68,58,58,69,65,59,62,74,287,68,61,68,36,94,74,82,85,80,62,68,65,59
2014/1/9,豐原,WIND_DIREC,62,70,63,65,69,81,52,50,72,80,84,63,187,57,94,83,87,73,87,76,62,70,64,63
2014/1/9,豐原,WIND_SPEED,4.3,2.4,3.5,4,2.2,2.4,3.4,3.8,3.7,2.1,2.4,3.3,2.3,3.6,2.9,2.5,2.2,2,2.2,2.8,2.9,2.4,2.4,2.3
2014/1/9,豐原,WS_HR,3.6,3,1.7,3.2,1.8,1.4,1.8,2.5,3.6,1.4,0,2,2.2,2.2,0.3,1.3,1.5,0.9,1.2,1.5,2.4,1.8,1.9,1.6
2014/1/10,豐原,AMB_TEMP,12,12,13,12,13,13,13,13,14,15,17,18,19,20,20,19,18,17,15,14,14,14,13,13
2014/1/10,豐原,CH4,1.8,1.8,1.8,1.8,1.8,1.8,1.8,1.8,1.8,1.8,1.8,1.8,1.8,1.8,1.8,1.8,1.8,1.8,1.8,1.8,1.8,1.8,1.8,1.8
2014/1/10,豐原,CO,0.28,0.27,0.26,0.26,0.25,0.27,0.3,0.46,0.41,0.34,0.32,0.33,0.35,0.32,0.3,0.3,0.32,0.45,0.59,0.45,0.36,0.38,0.42,0.42
2014/1/10,豐原,NMHC,0.05,0.04,0.06,0.04,0.04,0.09,0.07,0.15,0.14,0.11,0.13,0.11,0.09,0.1,0.11,0.13,0.18,0.22,0.29,0.19,0.15,0.13,0.15,0.16
2014/1/10,豐原,NO,1.4,0.9,1.1,1.7,1.2,1.3,1.3,3.5,4.2,4.4,3.2,2.6,2.5,2.4,2.1,2.2,2.4,2.1,2.6,2.3,1.9,1.7,1.8,1.7
2014/1/10,豐原,NO2,3.8,3.4,3.2,2.9,2.8,4,6.5,13,12,7.3,6,6.6,8.5,8.8,8.2,10,13,19,28,15,11,11,10,9.4
2014/1/10,豐原,NOx,5.2,4.3,4.3,4.5,4,5.3,7.8,17,16,12,9.1,9.1,11,11,10,12,16,21,30,17,13,12,12,11
2014/1/10,豐原,O3,27,29,27,27,28,25,19,13,14,22,30,38,46,50,52,50,39,27,12,17,20,19,21,21
2014/1/10,豐原,PM10,5,9,9,3,4,4,5,1,6,10,25,39,42,46,40,37,39,34,41,23,27,19,30,30
2014/1/10,豐原,PM2.5,6,7,7,0,0,1,1,7,7,8,4,8,12,19,23,20,18,15,16,10,6,11,22,28
2014/1/10,豐原,RAINFALL,NR,NR,NR,NR,NR,NR,NR,NR,NR,NR,NR,NR,NR,NR,NR,NR,NR,NR,NR,NR,NR,NR,NR,NR
2014/1/10,豐原,RH,73,73,73,74,74,74,74,73,71,66,62,58,56,54,55,57,61,65,72,77,79,81,83,84
2014/1/10,豐原,SO2,1.2,1.2,1.3,1.1,1.1,1,1,1.1,1.1,1.2,1.7,1.9,2.5,1.9,1.6,1.8,2.2,1.7,1.2,0.7,0.6,0.6,0.5,0.4
2014/1/10,豐原,THC,1.8,1.8,1.8,1.8,1.8,1.9,1.8,1.9,1.9,1.9,1.9,1.9,1.9,1.9,1.9,1.9,2,2,2.1,2,1.9,1.9,2,2
2014/1/10,豐原,WD_HR,73,59,58,62,63,49,52,11,73,67,314,312,312,309,307,294,290,61,90,118,117,115,115,113
2014/1/10,豐原,WIND_DIREC,63,49,68,56,62,58,28,335,67,22,318,304,316,300,287,284,82,74,115,117,118,115,105,104
2014/1/10,豐原,WIND_SPEED,2.4,1.4,1.9,2.2,2.3,1.6,0.9,2,2,2,2.1,3.4,2.8,3.6,3.2,3.5,2.4,0.8,1.6,1.7,2,2,1.7,1.4
2014/1/10,豐原,WS_HR,1.4,1.6,0.9,1.6,2,0.7,1,0.3,0.8,0.7,1.5,2.4,2,2.6,2.2,1.6,0.9,0.4,0.8,1.6,1.8,1.8,1.9,1.7
2014/1/11,豐原,AMB_TEMP,13,13,13,13,13,12,12,12,15,18,20,21,21,20,19,19,19,18,17,16,16,16,16,17
2014/1/11,豐原,CH4,1.8,1.8,1.8,1.8,1.8,1.8,1.8,1.8,1.8,1.8,1.8,1.8,1.8,1.8,1.8,1.8,1.8,1.8,1.8,1.8,1.8,1.9,1.9,1.8
2014/1/11,豐原,CO,0.41,0.36,0.34,0.34,0.34,0.35,0.38,0.46,0.95,0.71,0.4,0.39,0.42,0.35,0.3,0.33,0.37,0.37,0.44,0.4,0.57,0.65,0.77,0.56
2014/1/11,豐原,NMHC,0.17,0.13,0.12,0.12,0.12,0.11,0.12,0.14,0.41,0.34,0.16,0.12,0.15,0.11,0.09,0.11,0.16,0.13,0.16,0.13,0.23,0.24,0.34,0.21
2014/1/11,豐原,NO,1.6,1.5,1.3,0.8,0.8,0.9,1.1,2,26,12,2.7,2.8,2.2,2.6,3.4,5,3,0.6,0.9,1.1,2,4.4,7.2,2.3
2014/1/11,豐原,NO2,9.3,7.2,5.9,4.5,5.7,5.3,6.5,7.5,24,23,13,15,15,16,17,23,20,15,20,16,18,22,30,19
2014/1/11,豐原,NOx,11,8.7,7.2,5.3,6.5,6.2,7.6,9.4,50,35,15,18,17,19,21,28,23,15,21,18,20,26,37,22
2014/1/11,豐原,O3,19,22,24,24,22,21,16,16,6.3,22,47,50,65,49,42,32,36,37,24,24,16,8.6,3.9,19
2014/1/11,豐原,PM10,32,34,30,43,37,40,23,14,18,27,53,60,74,65,72,66,70,66,69,69,58,44,48,67
2014/1/11,豐原,PM2.5,25,21,25,24,23,18,20,14,7,17,31,44,43,46,36,36,29,32,33,30,40,36,46,41
2014/1/11,豐原,RAINFALL,NR,NR,NR,NR,NR,NR,NR,NR,NR,NR,NR,NR,NR,NR,NR,NR,NR,NR,NR,NR,NR,NR,NR,NR
2014/1/11,豐原,RH,84,85,86,87,87,88,86,83,73,63,56,53,60,66,71,74,74,79,83,86,85,86,88,88
2014/1/11,豐原,SO2,0.4,1.7,1.6,1.4,1.4,1.2,1.1,1.1,2.9,2.5,3.6,5.7,4.1,7.6,7.3,9.5,6.5,2.6,1.8,1.3,1.9,2.6,5,4.4
2014/1/11,豐原,THC,2,2,1.9,1.9,1.9,1.9,1.9,1.9,2.2,2.1,1.9,1.9,2,1.9,1.8,1.9,1.9,1.9,1.9,1.9,2.1,2.1,2.2,2
2014/1/11,豐原,WD_HR,106,115,110,110,105,101,100,90,20,45,316,303,303,311,312,312,310,351,52,61,139,196,197,172
2014/1/11,豐原,WIND_DIREC,104,106,107,113,99,111,100,69,345,44,316,297,314,310,315,313,294,59,55,51,129,195,174,156
2014/1/11,豐原,WIND_SPEED,1.4,1.8,1.5,2,1.9,2.1,2.1,1.1,0.6,1.7,1.8,2.4,3.3,3.5,3.2,2.5,2.7,1.5,1,1.1,0.9,1.6,1.9,1.3
2014/1/11,豐原,WS_HR,1.3,1.8,1.6,1.9,2,1.9,2,1.7,0.4,0.5,1.3,1.7,2.6,3.1,2.3,2.4,2.1,0.4,0.7,1.3,0.7,1,1.4,1.3
2014/1/12,豐原,AMB_TEMP,17,17,17,16,16,16,15,14,15,17,17,18,19,20,20,19,18,16,15,15,15,15,15,15
2014/1/12,豐原,CH4,1.8,1.8,1.8,1.8,1.8,1.8,1.8,1.8,1.8,1.8,1.8,1.8,1.7,1.7,1.7,1.7,1.7,1.7,1.7,1.7,1.7,1.7,1.8,1.8
2014/1/12,豐原,CO,0.5,0.44,0.43,0.4,0.33,0.3,0.36,0.52,0.59,0.34,0.28,0.26,0.23,0.24,0.24,0.23,0.25,0.27,0.28,0.26,0.26,0.27,0.27,0.28
2014/1/12,豐原,NMHC,0.19,0.16,0.16,0.17,0.12,0.09,0.13,0.17,0.19,0.12,0.09,0.08,0.06,0.06,0.06,0.06,0.06,0.07,0.08,0.06,0.06,0.05,0.05,0.05
2014/1/12,豐原,NO,1.8,1.2,0.6,1.5,1.2,1.3,1.3,4.9,12,3,3,2.3,2.2,2,1.9,1.6,1.6,1.5,1.4,1.1,1.1,1.2,1.1,1.3
2014/1/12,豐原,NO2,16,10,9.4,9.7,7.7,5.7,9.6,19,18,8.4,8.2,7.6,7.3,6.6,6.9,6.9,8.8,9.9,9.7,8,7.4,6.6,6.6,5.6
2014/1/12,豐原,NOx,17,11,10,11,8.9,7,11,24,30,11,11,9.9,9.6,8.6,8.8,8.5,10,11,11,9.1,8.5,7.8,7.7,6.9
2014/1/12,豐原,O3,29,34,36,29,30,37,26,10,12,33,33,37,38,43,43,43,35,30,29,32,32,32,31,31
2014/1/12,豐原,PM10,87,102,108,102,78,56,45,38,31,40,58,63,53,36,35,32,41,32,34,30,34,31,18,19
2014/1/12,豐原,PM2.5,48,56,62,52,40,32,37,31,34,32,33,31,21,20,19,24,25,14,16,22,23,18,6,9
2014/1/12,豐原,RAINFALL,NR,NR,NR,NR,NR,NR,NR,NR,NR,NR,NR,NR,NR,NR,NR,NR,NR,NR,NR,NR,NR,NR,NR,NR
2014/1/12,豐原,RH,87,86,85,83,81,77,77,79,74,71,71,66,62,59,60,63,71,78,81,81,80,81,81,80
2014/1/12,豐原,SO2,4.1,3.9,2.6,2.1,1.5,1.3,1.2,1.2,1.5,2.1,1.5,1.3,1,0.8,0.9,0.8,0.7,0.5,0.2,0.2,0.1,-0.1,-0.1,-0.2
2014/1/12,豐原,THC,2,2,2,2,1.9,1.8,1.9,1.9,2,1.9,1.9,1.8,1.8,1.8,1.8,1.8,1.8,1.8,1.8,1.8,1.8,1.8,1.8,1.8
2014/1/12,豐原,WD_HR,176,163,214,30,88,99,44,50,42,314,301,112,83,62,96,113,117,106,169,124,84,93,78,58
2014/1/12,豐原,WIND_DIREC,179,148,212,46,103,118,47,46,41,304,291,66,68,200,115,96,115,87,181,170,169,98,72,27
2014/1/12,豐原,WIND_SPEED,1.7,1.3,1.5,1,2.9,1.4,1.9,1.4,1.6,3.5,4,3.2,3.3,2.7,2.9,3.9,2.9,3,2.8,1.7,2.3,2.2,2.1,1.5
2014/1/12,豐原,WS_HR,1.6,1,1,0.4,1.7,2.2,0.5,0.9,0.6,1.6,1,0.7,1.5,1.2,0.5,0.7,1,0.7,0.1,0.5,0.3,1,0.8,1.2
2014/1/13,豐原,AMB_TEMP,15,14,14,14,14,14,13,13,14,15,16,17,18,18,17,15,15,14,14,14,14,14,14,14
2014/1/13,豐原,CH4,1.8,1.8,1.8,1.8,1.8,1.8,1.8,1.8,1.8,1.8,1.8,1.8,1.8,1.8,1.8,1.8,1.8,1.8,1.8,1.8,1.8,1.8,1.8,1.8
2014/1/13,豐原,CO,0.27,0.27,0.26,0.27,0.3,0.3,0.33,0.43,0.39,0.37,0.38,0.38,0.4,0.37,0.35,0.32,0.37,0.45,0.42,0.46,0.46,0.42,0.45,0.41
2014/1/13,豐原,NMHC,0.06,0.06,0.04,0.04,0.05,0.05,0.07,0.1,0.08,0.12,0.11,0.1,0.13,0.15,0.13,0.1,0.13,0.21,0.18,0.15,0.14,0.15,0.14,0.11
2014/1/13,豐原,NO,1.1,0.9,1,0.8,0.5,0.8,0.5,0.9,1.2,1.6,2.3,2.9,2.9,2.5,1.9,1.8,1.2,1.1,0.8,0.9,0.6,0.5,0.6,0.7
2014/1/13,豐原,NO2,5.4,5.1,5,3.6,3.9,3.9,5.6,8,7.5,5.8,6.9,7.9,8.9,9.1,9,8.9,10,12,12,10,11,7.1,8.7,6.2
2014/1/13,豐原,NOx,6.5,6,6,4.4,4.3,4.6,6,8.9,8.7,7.4,9.2,11,12,12,11,11,12,14,13,11,11,7.5,9.3,6.9
2014/1/13,豐原,O3,31,31,32,32,33,32,30,28,30,32,33,35,40,41,39,38,36,32,30,30,29,32,28,31
2014/1/13,豐原,PM10,13,17,20,34,38,33,25,25,26,25,30,25,33,35,53,56,61,61,55,47,42,34,34,38
2014/1/13,豐原,PM2.5,10,10,10,13,18,16,7,5,2,11,8,21,17,23,18,29,38,43,44,48,47,36,25,23
2014/1/13,豐原,RAINFALL,NR,NR,NR,NR,NR,NR,NR,NR,NR,NR,NR,NR,NR,NR,NR,NR,NR,NR,NR,NR,NR,NR,NR,NR
2014/1/13,豐原,RH,81,81,83,83,82,81,81,82,79,74,70,67,63,62,65,71,74,75,76,77,77,76,78,78
2014/1/13,豐原,SO2,-0.3,1.2,1,0.9,0.9,0.8,0.8,0.9,0.9,1,1.2,1.2,1.6,1.8,1.5,1.2,1,1,0.9,1,0.9,0.5,0.6,0.4
2014/1/13,豐原,THC,1.8,1.8,1.8,1.8,1.8,1.8,1.8,1.9,1.9,1.9,1.9,1.9,1.9,1.9,1.9,1.9,1.9,2,2,1.9,1.9,1.9,1.9,1.9
2014/1/13,豐原,WD_HR,30,352,93,85,72,74,69,82,76,75,74,68,97,104,91,97,93,24,75,73,69,53,55,57
2014/1/13,豐原,WIND_DIREC,350,35,92,78,73,66,69,88,67,106,199,353,92,189,88,98,41,44,89,77,64,29,55,28
2014/1/13,豐原,WIND_SPEED,1.4,1.8,2.9,1.6,2.1,2.6,1.6,2.5,2.3,2.5,3.3,3.1,3.5,3,3,2.7,2.5,1.7,2.4,1.7,2.1,1.4,1.8,2.1
2014/1/13,豐原,WS_HR,0.3,0.2,0.7,0.6,0.4,1,0.4,0.5,1.1,0.3,0.7,0.7,0.7,0.4,1,1.5,0.7,0.2,0.5,0.7,1,1.1,0.8,1.2
2014/1/14,豐原,AMB_TEMP,13,14,14,14,14,14,13,13,14,14,15,15,14,14,13,13,13,12,12,12,12,12,12,11
2014/1/14,豐原,CH4,1.8,1.8,1.8,1.8,1.8,1.8,1.8,1.8,1.8,1.8,1.8,1.8,1.8,1.8,1.8,1.8,1.8,1.8,1.8,1.8,1.8,1.8,1.8,1.8
2014/1/14,豐原,CO,0.43,0.38,0.39,0.36,0.27,0.26,0.26,0.28,0.26,0.28,0.28,0.31,0.31,0.31,0.3,0.31,0.3,0.33,0.33,0.31,0.31,0.27,0.27,0.25
2014/1/14,豐原,NMHC,0.13,0.12,0.1,0.1,0.06,0.1,0.06,0.06,0.05,0.09,0.07,0.15,0.11,0.14,0.14,0.16,0.11,0.13,0.11,0.1,0.13,0.09,0.08,0.08
2014/1/14,豐原,NO,0.6,0.6,0.5,0.4,0.6,0.6,0.9,1,1.3,1.9,1.7,1.8,2.1,1.8,1.7,1.9,1.4,1,0.6,0.8,1.1,1,0.8,0.8
2014/1/14,豐原,NO2,6.3,4.3,3.7,5,6.4,5.2,5.3,6.1,4.5,6.8,5.6,6.9,7.6,8.6,8.3,8.2,7.7,9.6,10,8.6,7,6.1,6.1,6.1
2014/1/14,豐原,NOx,6.8,4.9,4.2,5.4,7,5.8,6.2,7.1,5.8,8.6,7.3,8.6,9.7,10,10,10,9.1,11,11,9.5,8,7.1,6.9,6.9
2014/1/14,豐原,O3,26,30,29,29,32,35,37,37,37,35,37,36,37,33,33,32,33,31,30,30,30,30,29,30
2014/1/14,豐原,PM10,41,39,26,25,36,37,40,36,38,43,36,34,32,24,25,17,24,21,27,21,27,27,25,20
2014/1/14,豐原,PM2.5,29,23,21,21,30,26,26,26,23,16,4,6,6,8,10,6,4,7,14,20,17,14,13,9
2014/1/14,豐原,RAINFALL,NR,NR,NR,NR,NR,NR,NR,NR,NR,NR,NR,NR,NR,NR,NR,NR,NR,NR,NR,NR,NR,NR,NR,NR
2014/1/14,豐原,RH,80,79,80,81,85,85,84,82,77,73,71,70,72,76,77,76,75,76,77,76,76,76,78,79
2014/1/14,豐原,SO2,0.2,5.5,5.6,5.8,6.3,6,6,5.9,5.6,5.5,1.4,1.5,1.3,1,0.9,0.8,0.9,1.1,1.1,0.8,0.6,0.4,0.5,0.5
2014/1/14,豐原,THC,1.9,1.9,1.9,1.9,1.8,1.9,1.8,1.8,1.8,1.9,1.8,1.9,1.9,1.9,1.9,1.9,1.9,1.9,1.9,1.9,1.9,1.8,1.8,1.8
2014/1/14,豐原,WD_HR,54,58,59,60,87,95,84,64,59,79,61,216,98,72,92,88,110,83,91,87,77,63,56,60
2014/1/14,豐原,WIND_DIREC,66,29,57,102,81,102,97,55,55,89,66,275,298,104,86,77,96,85,77,72,75,97,53,49
2014/1/14,豐原,WIND_SPEED,1.8,1.1,1.7,2.6,2.4,3.4,2.3,5.4,4.2,2.9,3.7,3.3,3.1,3.6,3.3,2.5,3.8,3.7,2.5,2.2,2.2,2,2.1,2.1
2014/1/14,豐原,WS_HR,0.8,1,1.1,0.5,1.4,0.6,1.4,3.4,3.9,1.6,3.8,0.2,0.7,0.2,1.4,1,1.1,2.2,1.4,1.2,1.3,1.6,1.4,1.2
2014/1/15,豐原,AMB_TEMP,11,11,11,11,11,10,11,11,12,14,16,17,18,18,18,18,17,15,14,14,13,12,13,13
2014/1/15,豐原,CH4,1.7,1.7,1.7,1.7,1.7,1.8,1.7,1.7,1.7,1.7,1.7,1.7,1.7,1.7,1.7,1.7,1.7,1.7,1.8,1.7,1.7,1.8,1.7,1.7
2014/1/15,豐原,CO,0.2,0.19,0.19,0.19,0.19,0.21,0.21,0.29,0.2,0.19,0.18,0.19,0.2,0.19,0.19,0.21,0.25,0.3,0.45,0.29,0.34,0.3,0.22,0.22
2014/1/15,豐原,NMHC,0.07,0.05,0.06,0.04,0.05,0.05,0.04,0.09,0.04,0.05,0.08,0.1,0.07,0.07,0.07,0.09,0.12,0.12,0.28,0.17,0.2,0.1,0.05,0.09
2014/1/15,豐原,NO,0.8,0.8,0.9,0.7,0.5,0.6,0.4,1.1,1.2,1.2,1,1.1,1.1,0.8,0.8,0.7,1,0.5,0.4,0.4,0.4,0.4,0.5,0.5
2014/1/15,豐原,NO2,3.2,2.6,2.4,2.6,2.2,4,4.4,7.3,3.3,3.2,3,3.4,3.5,2.8,3.5,3.8,6.7,9.7,17,9.2,13,9.4,4.6,3.9
2014/1/15,豐原,NOx,4.1,3.3,3.3,3.3,2.6,4.6,4.8,8.5,4.5,4.4,4,4.4,4.6,3.6,4.3,4.5,7.7,10,17,9.6,13,9.8,5.1,4.4
2014/1/15,豐原,O3,36,36,35,36,38,34,36,33,38,38,39,41,43,44,44,44,40,35,24,31,25,27,33,33
2014/1/15,豐原,PM10,17,25,19,21,19,20,21,33,41,43,37,37,35,39,38,47,51,55,56,41,48,38,39,27
2014/1/15,豐原,PM2.5,9,4,8,5,14,11,13,4,9,15,23,23,18,10,4,13,14,18,20,25,24,14,15,22
2014/1/15,豐原,RAINFALL,NR,NR,NR,NR,NR,NR,NR,NR,NR,NR,NR,NR,NR,NR,NR,NR,NR,NR,NR,NR,NR,NR,NR,NR
2014/1/15,豐原,RH,75,74,75,72,66,69,67,65,54,45,40,37,39,40,40,40,45,47,55,54,58,60,59,59
2014/1/15,豐原,SO2,0.2,1.1,1,1,0.9,1.1,1.3,1,0.8,0.9,2.3,2,1.1,1,0.8,0.8,1,1.1,2.8,0.9,1.1,0.6,0.3,0.3
2014/1/15,豐原,THC,1.8,1.8,1.8,1.8,1.8,1.8,1.8,1.8,1.8,1.8,1.8,1.8,1.8,1.8,1.8,1.8,1.9,1.9,2,1.9,1.9,1.9,1.8,1.8
2014/1/15,豐原,WD_HR,70,78,74,82,63,56,54,65,58,58,353,304,306,301,320,89,78,63,54,58,55,62,73,88
2014/1/15,豐原,WIND_DIREC,70,76,80,70,71,47,57,61,51,62,307,319,312,314,30,142,75,65,50,71,63,63,102,90
2014/1/15,豐原,WIND_SPEED,1.8,1.7,2.1,1.9,1.6,1.9,2.5,4.9,2.5,2.2,2.5,3,3.3,3.5,1.7,2.8,1.8,1.7,1.1,1.6,1.7,1.9,1.1,2.1
2014/1/15,豐原,WS_HR,1,0.8,0.9,1,1.8,1.1,2.4,1.9,2.8,1.6,0.7,0.9,1.9,1.8,0.7,0.4,0.8,1.1,1,1.3,1,1,1.7,1.3
2014/1/16,豐原,AMB_TEMP,13,13,14,13,12,12,12,12,13,15,16,18,20,20,20,20,19,18,16,15,14,14,13,13
2014/1/16,豐原,CH4,1.7,1.7,1.7,1.8,1.8,1.8,1.8,1.8,1.8,1.7,1.7,1.7,1.8,1.8,1.8,1.8,1.8,1.8,1.8,1.8,1.8,1.8,1.8,1.7
2014/1/16,豐原,CO,0.24,0.22,0.21,0.23,0.25,0.28,0.32,0.63,0.64,0.28,0.2,0.24,0.27,0.27,0.27,0.26,0.3,0.48,0.49,0.42,0.36,0.32,0.28,0.23
2014/1/16,豐原,NMHC,0.07,0.06,0.05,0.1,0.13,0.14,0.17,0.29,0.28,0.18,0.08,0.11,0.1,0.11,0.15,0.15,0.18,0.27,0.25,0.18,0.13,0.1,0.08,0.07
2014/1/16,豐原,NO,0.5,0.3,0.3,0.8,0.9,0.8,1.1,11,16,3.5,1.5,1.5,2.6,1.9,1.6,1.7,1.4,1.3,1.2,1.2,0.9,0.9,1.1,0.6
2014/1/16,豐原,NO2,4.8,3.5,2.7,5,5.9,9,14,23,21,7.3,2.7,4.4,10,8.2,9.2,11,13,21,21,14,10,8.8,6.8,4.9
2014/1/16,豐原,NOx,5.2,3.9,3,5.8,6.8,9.7,16,34,36,11,4.3,5.9,13,10,11,13,15,22,22,15,11,9.7,7.8,5.5
2014/1/16,豐原,O3,27,29,32,23,20,16,12,5.9,11,30,40,48,49,56,60,58,54,34,26,25,25,23,24,26
2014/1/16,豐原,PM10,17,10,5,12,12,10,10,23,27,32,27,31,31,47,55,58,50,52,57,58,55,47,35,26
2014/1/16,豐原,PM2.5,24,16,7,7,6,5,2,17,15,33,25,30,15,20,30,41,38,34,27,26,27,22,28,29
2014/1/16,豐原,RAINFALL,NR,NR,NR,NR,NR,NR,NR,NR,NR,NR,NR,NR,NR,NR,NR,NR,NR,NR,NR,NR,NR,NR,NR,NR
2014/1/16,豐原,RH,64,65,64,67,69,68,65,61,57,52,45,42,39,38,41,44,46,49,60,65,69,71,73,74
2014/1/16,豐原,SO2,0.3,1.2,1.2,1.5,1.6,1.5,1.5,2,3.1,1.8,1.7,2.3,4,2.4,2.5,2.7,3,3.1,2.2,1.6,1.4,1.4,1.1,1
2014/1/16,豐原,THC,1.8,1.8,1.8,1.9,1.9,1.9,1.9,2.1,2,1.9,1.8,1.9,1.9,1.9,1.9,1.9,1.9,2,2,2,1.9,1.9,1.8,1.8
2014/1/16,豐原,WD_HR,98,84,97,23,38,44,48,1.6,52,328,70,342,301,280,293,302,300,316,111,121,116,119,113,107
2014/1/16,豐原,WIND_DIREC,120,88,80,26,39,32,48,353,82,304,59,292,305,264,308,304,297,40,118,116,116,121,105,106
2014/1/16,豐原,WIND_SPEED,1.1,2.8,1.2,1.1,1.2,0.7,1.4,0.9,1.6,2.9,1.4,1.8,2.6,2.2,2.7,2.2,2.4,0.9,1.7,1.7,1.9,2.1,2.5,2
2014/1/16,豐原,WS_HR,0.8,2,2,0.4,0.9,0.6,0.7,0.3,1.2,0.9,0.8,0.8,2.1,2.3,2.4,2.5,2.6,1.5,1.4,1.4,2,2.1,2.3,2.1
2014/1/17,豐原,AMB_TEMP,13,13,13,12,12,12,12,13,15,17,19,20,21,21,20,20,19,17,16,15,15,14,14,13
2014/1/17,豐原,CH4,1.7,1.8,1.8,1.8,1.7,1.7,1.7,1.7,1.8,1.8,1.7,1.7,1.8,1.8,1.7,1.7,1.7,1.8,1.8,1.8,1.8,1.8,1.8,1.8
2014/1/17,豐原,CO,0.22,0.23,0.26,0.26,0.25,0.26,0.3,0.5,2.61,1.22,0.44,0.26,0.3,0.29,0.23,0.24,0.27,0.34,0.56,0.45,0.4,0.36,0.31,0.32
2014/1/17,豐原,NMHC,0.07,0.08,0.11,0.11,0.09,0.12,0.1,0.17,0.55,0.52,0.25,0.13,0.13,0.2,0.12,0.11,0.14,0.18,0.39,0.49,0.3,0.24,0.14,0.23
2014/1/17,豐原,NO,0.7,0.8,0.8,1.2,0.9,0.9,1.1,3.2,22,14,10,2.3,3.3,4.3,2,1.4,2.1,1.3,2.1,2.1,1.3,1.3,1.2,1.2
2014/1/17,豐原,NO2,4.1,4.5,4.9,4.8,4.5,5.1,6.6,12,30,32,24,9.3,15,17,9.3,9.5,16,18,33,26,20,17,12,13
2014/1/17,豐原,NOx,4.8,5.3,5.7,6,5.3,6,7.7,15,52,46,34,12,18,21,11,11,18,19,35,28,21,18,14,14
2014/1/17,豐原,O3,28,31,33,32,35,31,27,20,11,26,30,49,43,48,60,58,43,34,14,17,19,21,25,19
2014/1/17,豐原,PM10,26,28,32,24,20,25,22,31,22,50,55,53,40,58,70,72,46,42,44,56,60,49,43,30
2014/1/17,豐原,PM2.5,27,25,22,23,22,22,23,11,2,18,31,36,22,22,16,20,16,34,32,27,17,22,24,17
2014/1/17,豐原,RAINFALL,NR,NR,NR,NR,NR,NR,NR,NR,NR,NR,NR,NR,NR,NR,NR,NR,NR,NR,NR,NR,NR,NR,NR,NR
2014/1/17,豐原,RH,74,74,73,75,74,73,71,65,61,51,41,39,41,47,43,43,54,58,63,65,69,70,68,73
2014/1/17,豐原,SO2,0.9,1.8,1.7,1.5,1.6,1.5,1.3,1.4,5.6,5.4,8.8,3.2,4.7,6.3,3.2,3,4.2,3.2,3,2.8,2.2,1.9,1.8,1.6
2014/1/17,豐原,THC,1.8,1.8,1.9,1.9,1.8,1.9,1.8,1.9,2.4,2.3,2,1.9,1.9,1.9,1.9,1.9,1.9,1.9,2.2,2.3,2.1,2,1.9,2
2014/1/17,豐原,WD_HR,102,102,111,106,104,96,101,106,82,329,312,316,313,309,316,314,302,62,47,337,78,6.4,69,325
2014/1/17,豐原,WIND_DIREC,94,113,113,109,106,103,92,96,49,335,321,314,320,307,307,313,319,42,43,311,99,58,92,315
2014/1/17,豐原,WIND_SPEED,1.9,0.9,1.2,2.4,1.6,1.7,2.1,1.4,0.8,0.9,2,3.4,4.4,3.8,3,3.8,2.8,1,1.3,2.4,2,1.5,1.5,1.3
2014/1/17,豐原,WS_HR,2.2,1.7,1.2,1.7,1.6,1.5,2,1.3,0.3,0.4,1.2,2.1,3.7,3.5,1.3,2.5,1.9,0.8,1,0.9,0.6,0.3,0.6,0.6
2014/1/18,豐原,AMB_TEMP,13,12,12,12,13,13,12,12,13,15,16,17,18,17,17,15,14,13,11,10,9.9,9.9,9.6,9.3
2014/1/18,豐原,CH4,1.8,1.8,1.7,1.7,1.7,1.7,1.7,1.7,1.7,1.7,1.7,1.8,1.8,1.8,1.8,1.8,1.8,1.8,1.9,1.8,1.8,1.8,1.8,1.8
2014/1/18,豐原,CO,0.26,0.23,0.18,0.16,0.16,0.15,0.19,0.26,0.21,0.21,0.24,0.29,0.42,0.56,0.6,0.59,0.59,0.64,0.59,0.57,0.57,0.49,0.45,0.44
2014/1/18,豐原,NMHC,0.18,0.13,0.12,0.07,0.03,0.03,0.06,0.06,0.05,0.07,0.06,0.08,0.09,0.12,0.12,0.12,0.13,0.15,0.17,0.13,0.12,0.08,0.07,0.07
2014/1/18,豐原,NO,0.9,1,1,1.7,1.4,1.1,1.2,1.8,1.7,1.9,2,1.9,1.7,2,1.8,1.4,1.7,1.5,1.6,1.5,1.7,1.2,1.1,1.4
2014/1/18,豐原,NO2,8.7,7.2,4.6,2.4,2,2.1,4,8.5,3.6,3.8,4.2,5.2,7.3,9.8,10,11,12,14,12,11,12,6.7,5.9,5.6
2014/1/18,豐原,NOx,9.6,8.1,5.6,4,3.4,3.2,5.2,10,5.2,5.8,6.2,7,9,12,12,13,14,15,14,13,13,7.9,7.1,7
2014/1/18,豐原,O3,22,21,29,35,40,40,34,31,38,43,50,56,63,68,73,78,76,70,67,64,60,64,61,56
2014/1/18,豐原,PM10,30,28,25,25,15,20,11,20,20,30,30,42,68,102,136,165,180,166,148,138,144,139,130,111
2014/1/18,豐原,PM2.5,17,26,25,24,10,7,11,16,19,9,8,6,32,50,81,90,109,109,105,102,106,107,92,80
2014/1/18,豐原,RAINFALL,NR,NR,NR,NR,NR,NR,NR,NR,NR,NR,NR,NR,NR,NR,NR,NR,NR,NR,NR,NR,NR,NR,NR,NR
2014/1/18,豐原,RH,75,77,73,68,60,54,60,59,55,48,45,44,43,42,43,45,47,50,52,51,54,51,50,52
2014/1/18,豐原,SO2,1.3,1.1,1,0.9,1.2,1.2,1.2,1.2,1.4,1.9,2.4,3,5.1,7.2,7.9,8.4,8.2,7.7,7.3,6.9,6.1,5.5,4.9,4.1
2014/1/18,豐原,THC,1.9,1.9,1.9,1.8,1.8,1.8,1.8,1.8,1.8,1.8,1.8,1.8,1.9,1.9,1.9,2,2,2,2,2,2,1.9,1.9,1.9
2014/1/18,豐原,WD_HR,66,46,39,60,64,64,61,64,58,79,99,86,86,85,95,105,105,106,100,81,65,51,55,62
2014/1/18,豐原,WIND_DIREC,350,53,30,67,62,80,55,56,73,85,104,87,93,90,103,108,109,93,101,76,53,50,58,73
2014/1/18,豐原,WIND_SPEED,1.8,1.2,1.5,1.7,3.2,1.8,3.8,3.2,2.2,2.8,3.3,3.8,3.6,3.6,3.6,4.2,3.6,2.4,2.7,2.1,3.9,5,3.2,3.1
2014/1/18,豐原,WS_HR,0.4,0.8,0.3,0.8,1.5,2.3,1.5,1.5,2,0.6,1.1,0.9,1.8,2.1,2,2.3,2.2,1.3,0.8,0.9,1.5,4.6,3.3,2.3
2014/1/19,豐原,AMB_TEMP,9.6,9.8,10,10,9.7,10,10,10,12,14,17,18,18,19,19,18,17,17,15,15,15,15,14,13
2014/1/19,豐原,CH4,1.8,1.8,1.8,1.8,1.8,1.8,1.7,1.7,1.8,1.8,1.8,1.8,1.8,1.8,1.8,1.8,1.8,1.8,1.8,1.8,1.8,1.8,1.8,1.8
2014/1/19,豐原,CO,0.39,0.37,0.35,0.34,0.33,0.29,0.25,0.4,0.8,0.87,0.6,0.54,0.52,0.48,0.49,0.54,0.52,0.58,0.56,0.53,0.53,0.65,0.51,0.44
2014/1/19,豐原,NMHC,0.06,0.06,0.05,0.04,0.07,0.06,0.05,0.13,0.33,0.31,0.18,0.14,0.13,0.11,0.11,0.14,0.15,0.16,0.11,0.09,0.11,0.18,0.13,0.1
2014/1/19,豐原,NO,1.4,1.4,1.4,0.9,1,0.8,0.9,1.8,13,12,4.5,1.6,1.8,1.3,0.9,1.2,0.8,0.7,0.9,0.8,0.7,1.2,1,1
2014/1/19,豐原,NO2,4.7,4.2,3.4,2.7,3.4,3.2,3.4,11,25,28,18,13,12,11,14,19,15,18,15,12,14,24,13,9.4
2014/1/19,豐原,NOx,6.1,5.5,4.8,3.6,4.4,4,4.3,13,38,40,23,14,14,13,15,20,16,18,16,13,15,25,14,10
2014/1/19,豐原,O3,54,50,48,47,40,42,37,22,11,20,48,65,74,79,73,68,68,63,45,46,46,30,38,43
2014/1/19,豐原,PM10,89,76,60,48,41,43,38,22,18,29,75,100,119,110,112,121,127,135,134,129,120,123,120,118
2014/1/19,豐原,PM2.5,64,52,36,41,46,48,38,21,11,11,40,64,75,62,50,57,66,72,77,72,75,72,69,62
2014/1/19,豐原,RAINFALL,NR,NR,NR,NR,NR,NR,NR,NR,NR,NR,NR,NR,NR,NR,NR,NR,NR,NR,NR,NR,NR,NR,NR,NR
2014/1/19,豐原,RH,49,50,49,47,51,47,45,47,47,40,42,42,41,38,40,44,46,47,73,72,62,63,66,68
2014/1/19,豐原,SO2,3.6,3.5,3.1,3,2.7,2.6,2.1,1.8,4.4,5.1,5.6,5.3,4.7,4.2,5.7,8.1,6.1,6.3,4.6,3.4,4.1,5.8,3.6,2.9
2014/1/19,豐原,THC,1.9,1.9,1.8,1.8,1.9,1.8,1.8,1.9,2.1,2.1,2,1.9,1.9,1.9,1.9,1.9,1.9,2,1.9,1.9,1.9,2,2,1.9
2014/1/19,豐原,WD_HR,68,66,74,74,62,59,62,68,286,253,207,212,207,215,272,310,302,300,335,99,138,198,114,123
2014/1/19,豐原,WIND_DIREC,59,71,83,77,63,54,70,344,270,232,198,208,192,199,297,308,295,261,76,99,160,183,113,129
2014/1/19,豐原,WIND_SPEED,2.3,2.6,3.4,2.8,1.7,2.2,1.6,0.6,0.7,1.7,3.3,3.2,2.2,2.7,2.1,2.5,1.4,0.7,1.1,0.9,1.3,0.9,2.2,1.2
2014/1/19,豐原,WS_HR,2.5,1.9,2.8,2.9,1.3,1.8,2,0.7,0.5,0.8,2.7,3.3,2.2,2.2,1.8,2,1.8,0.9,1.1,1,1.3,1.4,1.2,1.8
2014/1/20,豐原,AMB_TEMP,12,12,11,12,12,11,10,10,12,15,16,17,18,18,18,18,17,15,15,14,14,14,13,13
2014/1/20,豐原,CH4,1.8,1.8,1.8,1.9,1.9,1.8,1.8,1.8,1.8,1.8,1.8,1.8,1.8,1.8,1.8,1.8,1.8,1.8,1.8,1.8,1.8,1.8,1.8,1.8
2014/1/20,豐原,CO,0.4,0.34,0.36,0.45,0.49,0.48,0.5,0.64,0.71,0.48,0.44,0.45,0.45,0.4,0.38,0.37,0.37,0.39,0.38,0.35,0.33,0.34,0.41,0.43
2014/1/20,豐原,NMHC,0.08,0.08,0.1,0.12,0.13,0.11,0.11,0.16,0.17,0.11,0.1,0.14,0.14,0.1,0.11,0.14,0.15,0.14,0.13,0.17,0.15,0.11,0.12,0.13
2014/1/20,豐原,NO,0.8,0.7,0.8,0.9,1,1,0.9,2.8,4.2,3.7,3.8,2.9,2.4,1.9,2.5,2.1,1.2,1,0.9,0.7,1,0.7,0.6,0.4
2014/1/20,豐原,NO2,7.3,5.8,5.7,11,11,9.3,9.3,12,15,16,17,14,13,12,15,10,11,13,13,9.7,9.4,8.7,8.7,6.7
2014/1/20,豐原,NOx,8.1,6.5,6.5,12,12,10,10,14,20,19,20,17,16,14,17,12,12,14,14,10,10,9.4,9.3,7.2
2014/1/20,豐原,O3,41,41,34,28,25,23,24,20,25,38,44,54,62,58,49,53,50,43,39,38,36,33,35,37
2014/1/20,豐原,PM10,102,88,68,65,70,84,90,90,94,90,93,87,90,0,89,82,75,62,66,65,66,53,39,29
2014/1/20,豐原,PM2.5,61,59,60,48,53,60,66,53,55,57,57,51,46,-1,51,47,44,46,46,39,18,19,23,34
2014/1/20,豐原,RAINFALL,NR,NR,NR,NR,NR,NR,NR,NR,NR,NR,NR,NR,NR,NR,0,NR,NR,NR,NR,NR,NR,NR,NR,NR
2014/1/20,豐原,RH,70,71,73,73,78,80,81,80,77,65,54,47,46,55,61,63,66,72,73,73,74,73,75,75
2014/1/20,豐原,SO2,2.4,2.3,2.3,3.1,3,2.4,2.2,2.1,3.3,7.5,7.9,6.2,4.2,3.8,4.9,3.5,2.8,2.7,2.5,2.2,2.2,2.4,2.8,2.7
2014/1/20,豐原,THC,1.9,1.9,1.9,2,2,1.9,1.9,2,2,1.9,1.9,1.9,1.9,1.9,1.9,1.9,1.9,1.9,1.9,1.9,1.9,1.9,1.9,1.9
2014/1/20,豐原,WD_HR,102,111,114,116,110,119,114,110,80,354,316,278,276,298,305,319,75,73,61,50,58,43,56,61
2014/1/20,豐原,WIND_DIREC,104,117,129,93,118,118,112,114,49,314,304,292,275,312,305,78,287,68,57,347,59,48,63,53
2014/1/20,豐原,WIND_SPEED,1.9,2.1,1.4,1.3,2.1,2.4,2.1,2.3,1.5,1.9,1.3,2.6,2.2,3.7,3.4,2.5,2.3,1.8,4,1.9,3.9,1.1,1.9,1.9
2014/1/20,豐原,WS_HR,1.8,1.9,1.7,1,1.4,2.1,2.3,2.1,1.1,0.6,0.8,1.3,1.4,2.4,2.9,0.9,0.8,1.2,1.6,1.2,1.8,1.2,1.2,1.3
2014/2/1,豐原,AMB_TEMP,15,14,14,14,14,14,14,14,16,20,22,23,24,24,24,23,23,22,19,18,19,18,17,19
2014/2/1,豐原,CH4,1.8,1.8,1.7,1.8,1.7,1.7,1.7,1.7,1.8,1.8,1.7,1.7,1.7,1.7,1.7,1.7,1.7,1.7,1.7,1.8,1.7,1.8,1.8,1.7
2014/2/1,豐原,CO,0.27,0.26,0.25,0.26,0.24,0.23,0.26,0.45,0.76,0.56,0.33,0.3,0.27,0.26,0.25,0.24,0.24,0.33,0.4,0.43,0.33,0.51,0.37,0.33
2014/2/1,豐原,NMHC,0.05,0.05,0.04,0.05,0.05,0.05,0.05,0.13,0.22,0.16,0.06,0.05,0.04,0.04,0.04,0.03,0.04,0.08,0.12,0.14,0.09,0.2,0.1,0.08
2014/2/1,豐原,NO,0.9,0.9,1,1.6,1.3,1.2,1.4,2.2,4.2,4.3,2.8,2.1,2.1,2,1.7,1.7,1.7,1.6,1.6,1.6,1.8,1.8,1.8,1.8
2014/2/1,豐原,NO2,4.8,4.4,3.9,2.4,2.8,2.7,3.3,9.1,16,14,7,4.5,3.6,3.9,4.4,4.2,5.6,7.9,12,14,10,22,13,9.9
2014/2/1,豐原,NOx,5.7,5.3,4.9,4,4.1,3.9,4.7,11,20,18,9.8,6.6,5.7,5.9,6.1,5.9,7.4,9.5,13,16,12,23,14,12
2014/2/1,豐原,O3,45,45,45,43,41,41,41,31,28,42,56,61,62,65,65,61,57,53,42,34,43,20,32,40
2014/2/1,豐原,PM10,32,22,27,27,20,16,8,8,18,29,43,52,48,37,32,36,36,36,48,61,61,57,42,43
2014/2/1,豐原,PM2.5,30,32,36,29,16,10,23,27,33,21,32,30,36,26,21,19,19,19,18,27,37,39,31,25
2014/2/1,豐原,RAINFALL,NR,NR,NR,NR,NR,NR,NR,NR,NR,NR,NR,NR,NR,NR,NR,NR,NR,NR,NR,NR,NR,NR,NR,NR
2014/2/1,豐原,RH,63,61,62,63,63,60,57,58,56,44,38,41,38,38,41,43,46,49,56,61,57,63,64,59
2014/2/1,豐原,SO2,1.8,0.9,0.9,0.9,0.8,0.9,1,1.1,1.6,1.9,4.1,2.9,2.2,2.8,2.6,2.8,3.4,2.1,1.9,1.8,1.7,1.7,1.6,1.7
2014/2/1,豐原,THC,1.8,1.8,1.8,1.8,1.8,1.8,1.8,1.9,2,1.9,1.8,1.8,1.8,1.8,1.8,1.7,1.8,1.8,1.9,1.9,1.8,2,1.9,1.8
2014/2/1,豐原,WD_HR,111,112,104,116,108,101,97,87,90,292,305,312,313,304,312,310,307,328,89,92,78,38,80,72
2014/2/1,豐原,WIND_DIREC,113,109,104,119,105,80,82,89,47,293,311,314,305,300,314,317,306,51,115,90,52,53,53,85
2014/2/1,豐原,WIND_SPEED,2.3,2.2,2.6,2,2.5,1.4,1.2,0.7,0.6,1.1,2,2.9,3.2,3.2,3.6,3.6,3.1,1.1,1.6,1.3,1.1,1,0.9,1.3
2014/2/1,豐原,WS_HR,2.5,2.2,2.2,2,1.8,1.7,1.3,0.8,0.4,0.5,1.3,2.1,2.1,2.1,3.1,2.8,2.1,0.4,1.3,1,1.1,0.4,0.9,1.1
2014/2/2,豐原,AMB_TEMP,18,17,18,18,18,18,17,18,21,24,24,25,26,25,25,25,24,23,22,22,21,20,20,20
2014/2/2,豐原,CH4,1.7,1.7,1.8,1.8,1.8,1.7,1.7,1.7,1.7,1.7,1.7,1.7,1.7,1.7,1.7,1.7,1.7,1.7,1.8,1.8,1.8,1.7,1.8,1.8
2014/2/2,豐原,CO,0.3,0.25,0.31,0.28,0.27,0.25,0.28,0.36,0.43,0.24,0.33,0.31,0.27,0.26,0.28,0.3,0.37,0.38,0.42,0.5,0.45,0.38,0.55,0.46
2014/2/2,豐原,NMHC,0.08,0.06,0.11,0.1,0.1,0.09,0.1,0.11,0.13,0.04,0.08,0.07,0.06,0.06,0.07,0.07,0.08,0.09,0.12,0.18,0.15,0.12,0.21,0.15
2014/2/2,豐原,NO,1.9,1.6,1.7,0.7,0.7,0.5,0.8,1.3,3,0.9,1.5,1.9,1.7,1.3,1.6,1.5,2.2,0.8,0.8,1.5,1.4,0.9,1.3,0.7
2014/2/2,豐原,NO2,7.1,4.8,8.7,7.5,7.4,6.6,8.6,9.4,12,2.9,9.1,9.8,7.9,7.9,10,13,17,14,17,20,17,13,23,15
2014/2/2,豐原,NOx,9,6.4,10,8.2,8.1,7,9.4,11,15,3.9,11,12,9.6,9.2,12,14,19,15,18,22,18,14,24,16
2014/2/2,豐原,O3,39,37,28,27,26,28,22,28,30,50,46,49,54,50,47,46,39,35,27,19,20,22,12,17
2014/2/2,豐原,PM10,37,45,30,17,9,9,19,17,26,22,24,21,39,52,57,42,29,28,27,35,28,31,41,44
2014/2/2,豐原,PM2.5,22,20,13,8,15,13,22,19,23,15,17,13,21,22,33,28,25,21,23,27,29,30,31,29
2014/2/2,豐原,RAINFALL,NR,NR,NR,NR,NR,NR,NR,NR,NR,NR,NR,NR,NR,NR,NR,NR,NR,NR,NR,NR,NR,NR,NR,NR
2014/2/2,豐原,RH,61,66,65,63,63,63,64,59,52,41,43,41,40,45,46,48,49,55,57,62,65,68,68,70
2014/2/2,豐原,SO2,1.5,1.3,1.4,1.4,1.3,1.3,1.4,1.6,2.2,2,3.2,4.5,4.4,4.4,5.6,5.4,5.6,4.9,4.9,3.7,2.8,2.5,2.7,2.7
2014/2/2,豐原,THC,1.8,1.8,1.9,1.9,1.9,1.8,1.8,1.8,1.8,1.7,1.8,1.8,1.8,1.8,1.8,1.8,1.8,1.8,1.9,1.9,1.9,1.9,2,1.9
2014/2/2,豐原,WD_HR,70,89,39,40,60,72,59,72,54,49,315,311,311,307,311,313,311,312,268,133,121,114,98,117
2014/2/2,豐原,WIND_DIREC,92,71,29,40,52,34,62,47,53,2.6,308,308,308,305,306,311,309,301,210,126,119,125,123,127
2014/2/2,豐原,WIND_SPEED,1.6,1,0.9,0.9,1.1,0.9,1.4,1.1,1.6,1.5,2.3,2.9,3,2.2,2.7,1.9,2.2,1.6,0.8,1.5,2,1.4,1.6,1.4
2014/2/2,豐原,WS_HR,1,1.3,0.5,0.4,0.6,0.8,1,1,1.1,0.8,1.7,2,2.6,2.3,2.1,2.1,2,1.7,0.2,1.1,1.3,1.8,0.4,1.4
2014/2/3,豐原,AMB_TEMP,20,19,19,19,19,18,18,19,21,23,25,26,26,26,26,25,25,23,22,22,21,20,19,19
2014/2/3,豐原,CH4,1.8,1.8,1.7,1.7,1.7,1.7,1.7,1.7,1.7,1.7,1.7,1.7,1.7,1.7,1.7,1.7,1.7,1.7,1.7,1.7,1.7,1.8,1.8,1.8
2014/2/3,豐原,CO,0.54,0.48,0.39,0.36,0.36,0.35,0.32,0.45,0.44,0.4,0.41,0.36,0.29,0.26,0.26,0.25,0.24,0.23,0.32,0.35,0.32,0.38,0.37,0.32
2014/2/3,豐原,NMHC,0.21,0.16,0.11,0.11,0.07,0.06,0.07,0.1,0.09,0.07,0.08,0.06,0.05,0.05,0.04,0.04,0.05,0.05,0.08,0.09,0.08,0.12,0.11,0.09
2014/2/3,豐原,NO,1.2,1.1,0.9,1.9,1.8,2,2,4.7,6.1,5.6,4.7,4.2,3.2,2.7,1.9,2.3,1.8,2.2,2,2,1.8,2.2,2.1,1.9
2014/2/3,豐原,NO2,19,17,13,10,8.8,9.2,9.1,9,10,11,9.9,9.7,8.3,7.3,6.8,6.8,6.7,6.5,10,12,11,13,13,10
2014/2/3,豐原,NOx,20,18,14,12,11,11,11,14,16,17,15,14,12,10,8.7,9.2,8.6,8.7,12,14,12,16,16,12
2014/2/3,豐原,O3,11,12,13,11,11,10,11,8.6,17,25,33,36,43,47,50,48,49,41,33,29,33,22,22,25
2014/2/3,豐原,PM10,57,45,60,46,35,10,2,11,22,43,54,46,39,43,59,50,47,39,40,29,26,27,30,37
2014/2/3,豐原,PM2.5,31,26,17,13,18,29,22,21,23,34,32,24,23,28,30,32,24,27,17,20,20,29,25,25
2014/2/3,豐原,RAINFALL,NR,NR,NR,NR,NR,NR,NR,NR,NR,NR,NR,NR,NR,NR,NR,NR,NR,NR,NR,NR,NR,NR,NR,NR
2014/2/3,豐原,RH,72,80,82,85,85,86,86,87,79,70,63,60,62,62,62,60,60,64,68,70,69,73,75,75
2014/2/3,豐原,SO2,2.6,1.7,1.5,1.5,1.9,1.7,2.7,2.5,5.5,8.8,5.6,4.6,4.1,3.7,3.4,4.2,3.3,2.5,2.5,2.6,2.7,2.5,2.3,2.4
2014/2/3,豐原,THC,2,1.9,1.8,1.8,1.8,1.8,1.8,1.8,1.8,1.8,1.8,1.8,1.8,1.8,1.8,1.7,1.7,1.7,1.8,1.8,1.8,1.9,1.9,1.8
2014/2/3,豐原,WD_HR,112,116,115,91,115,121,110,112,22,303,249,286,307,310,313,309,314,58,54,48,36,320,2,54
2014/2/3,豐原,WIND_DIREC,118,109,117,114,115,121,87,108,323,305,243,308,306,310,312,308,320,73,51,51,31,316,216,46
2014/2/3,豐原,WIND_SPEED,2.1,2,2,1.8,2.1,3,1.6,2,1.3,2.1,1.9,3,2.6,3.5,3.7,3.3,3.4,1.4,1.6,1.3,1.4,1.1,0.9,1.6
2014/2/3,豐原,WS_HR,1,2.3,1.9,1.2,1.9,2.7,2.1,2,0.6,0.9,0.9,1.6,2.1,2.7,3.2,2.8,2.4,0.6,1,0.8,0.7,1,0.1,0.7
2014/2/4,豐原,AMB_TEMP,18,18,17,17,17,16,16,16,16,18,19,20,21,22,22,21,19,18,18,17,16,15,15,15
2014/2/4,豐原,CH4,1.7,1.7,1.7,1.8,1.8,1.8,1.8,1.8,1.7,1.7,1.8,1.7,1.7,1.8,1.8,1.8,1.8,1.8,1.8,1.8,1.8,1.8,1.8,1.8
2014/2/4,豐原,CO,0.29,0.27,0.31,0.38,0.47,0.43,0.39,0.36,0.35,0.35,0.35,0.35,0.36,0.35,0.37,0.39,0.44,0.48,0.48,0.51,0.53,0.49,0.48,0.49
2014/2/4,豐原,NMHC,0.06,0.05,0.04,0.05,0.05,0.04,0.04,0.04,0.04,0.05,0.05,0.04,0.05,0.05,0.05,0.05,0.07,0.08,0.08,0.09,0.11,0.09,0.09,0.09
2014/2/4,豐原,NO,1.8,1.7,1.9,0.9,0.7,1.2,0.9,1.1,1.1,1.3,1.5,1.2,1.3,1.1,1.3,1.4,1.5,1.2,1,1.3,1.2,1.1,1.1,1.2
2014/2/4,豐原,NO2,7.3,5,4.4,4.3,4.7,4,3.5,3.4,3.4,3.6,3.4,3.5,3.8,4,4.4,4.5,5.8,7.7,7.1,8.4,12,12,11,11
2014/2/4,豐原,NOx,9.1,6.7,6.3,5.2,5.4,5.2,4.4,4.4,4.6,4.9,4.8,4.6,5.1,5.1,5.6,5.9,7.3,8.9,8.2,9.7,13,13,12,12
2014/2/4,豐原,O3,29,32,33,37,39,41,39,37,36,35,37,40,44,49,52,51,44,38,37,29,22,20,19,16
2014/2/4,豐原,PM10,37,40,40,36,37,32,25,19,15,15,6,7,18,40,45,33,29,25,25,11,10,20,22,15
2014/2/4,豐原,PM2.5,22,27,22,31,32,35,25,14,7,0,2,7,11,7,8,12,15,17,9,11,5,7,5,9
2014/2/4,豐原,RAINFALL,NR,NR,NR,NR,NR,NR,NR,NR,NR,NR,NR,NR,NR,NR,NR,NR,NR,NR,NR,0.4,3,0.8,1.6,NR
2014/2/4,豐原,RH,76,78,80,81,81,80,79,78,74,68,64,61,57,55,54,56,63,67,69,74,83,89,91,92
2014/2/4,豐原,SO2,2.2,1.3,1.1,1,1.1,1,1,0.9,1.1,1.2,1.4,1.5,1.9,1.4,1.4,1.3,1.3,1.2,1.2,1.2,1.3,1.5,1.3,1.6
2014/2/4,豐原,THC,1.8,1.8,1.8,1.8,1.8,1.8,1.8,1.8,1.8,1.8,1.8,1.8,1.8,1.8,1.8,1.8,1.8,1.9,1.9,1.9,1.9,1.9,1.9,1.9
2014/2/4,豐原,WD_HR,53,57,78,76,66,64,76,68,74,66,47,49,310,316,347,359,336,340,62,303,291,314,302,300
2014/2/4,豐原,WIND_DIREC,52,59,84,79,69,69,67,63,103,66,326,1.1,307,338,91,298,41,333,61,297,289,310,305,313
2014/2/4,豐原,WIND_SPEED,1.1,1.5,2.7,2.8,3,3.2,3.1,3.4,2.9,2.8,2.3,2,2.5,2.9,2.7,2.9,1.7,2.4,1.5,1.1,1.7,1.5,1,1.9
2014/2/4,豐原,WS_HR,0.9,1,1.1,1.7,1.9,2.3,1.7,2.1,1.8,1.6,1,1,1.3,1.3,0.4,0.2,0.6,0.6,0.8,1.2,0.9,1.4,1,1.2
2014/2/5,豐原,AMB_TEMP,15,15,15,14,14,15,15,16,16,18,19,20,21,21,21,20,19,19,19,18,18,18,17,18
2014/2/5,豐原,CH4,1.8,1.8,1.8,1.8,1.8,1.8,1.8,1.8,1.8,1.8,1.8,1.8,1.8,1.8,1.7,1.7,1.7,1.7,1.7,1.8,1.8,1.8,1.8,1.8
2014/2/5,豐原,CO,0.48,0.46,0.43,0.37,0.34,0.34,0.37,0.52,0.55,0.6,0.58,0.5,0.6,0.41,0.35,0.38,0.37,0.38,0.49,0.42,0.48,0.52,0.46,0.43
2014/2/5,豐原,NMHC,0.09,0.1,0.1,0.08,0.07,0.07,0.07,0.12,0.17,0.2,0.21,0.22,0.26,0.17,0.14,0.14,0.15,0.15,0.22,0.18,0.19,0.2,0.17,0.16
2014/2/5,豐原,NO,1.5,1.4,1.2,0.9,1.2,1.2,1.1,2.7,6.9,7.8,4.8,7.5,4.9,5.1,4.2,3,2.4,1.5,1.2,1.4,1.4,3.3,2.7,1.5
2014/2/5,豐原,NO2,14,11,7.5,8.5,8.8,7.3,4.9,11,16,15,14,15,20,17,16,18,20,18,21,20,18,15,12,11
2014/2/5,豐原,NOx,15,12,8.7,9.4,10,8.5,6,14,23,23,18,23,25,22,20,21,22,19,22,21,19,19,15,12
2014/2/5,豐原,O3,14,13,14,16,17,17,21,15,11,14,18,21,33,34,33,35,29,28,19,18,10,3.6,4.7,4.8
2014/2/5,豐原,PM10,10,5,5,0,0,0,7,10,20,13,10,11,27,31,33,30,33,49,51,52,42,34,47,33
2014/2/5,豐原,PM2.5,6,6,4,4,0,0,0,2,2,2,8,8,8,20,28,36,23,21,25,16,19,17,18,12
2014/2/5,豐原,RAINFALL,3.2,0.8,NR,0.8,0.6,NR,0.8,NR,NR,NR,0.2,NR,NR,NR,NR,NR,NR,NR,NR,NR,NR,NR,NR,NR
2014/2/5,豐原,RH,93,94,94,94,96,95,92,90,92,90,87,83,77,76,75,79,81,84,85,87,89,90,91,91
2014/2/5,豐原,SO2,2.8,1.1,1.1,1.4,1.2,1,1.1,1.5,3.1,1.7,1.8,2.4,2.5,2.7,2.7,3.6,3.9,2.6,2.4,2.6,1.9,1.8,1.7,1.7
2014/2/5,豐原,THC,1.9,1.9,1.9,1.9,1.8,1.8,1.8,1.9,2,2,2,2,2,1.9,1.9,1.9,1.9,1.9,2,1.9,1.9,2,1.9,1.9
2014/2/5,豐原,WD_HR,306,331,318,311,16,2.6,75,35,299,18,323,287,271,301,295,312,312,318,319,3,120,118,104,109
2014/2/5,豐原,WIND_DIREC,284,324,328,51,322,328,69,332,282,331,290,274,319,309,295,317,299,20,348,49,122,120,94,114
2014/2/5,豐原,WIND_SPEED,0.8,1.5,1.3,1.4,1.5,1.1,2.2,1.5,0.9,1,1.7,1.7,1.7,1.9,2.6,1.9,1.9,0.8,0.9,0.9,0.9,1.3,1.1,1.4
2014/2/5,豐原,WS_HR,0.7,0.8,0.6,1.2,0.5,0.6,1.6,0.7,0.8,0.4,0.5,1.2,1,1.6,2.3,1.8,2.3,0.8,0.5,0.4,0.6,0.9,1,0.9
2014/2/6,豐原,AMB_TEMP,17,17,18,17,17,17,17,17,18,20,21,22,23,22,23,23,21,21,21,20,20,21,20,20
2014/2/6,豐原,CH4,1.8,1.8,1.8,1.8,1.8,1.7,1.7,1.8,1.7,1.8,1.8,1.8,1.8,1.8,1.8,1.8,1.8,1.9,1.9,1.9,1.9,1.9,1.9,1.9
2014/2/6,豐原,CO,0.41,0.42,0.37,0.36,0.24,0.19,0.22,0.3,0.29,0.31,0.37,0.41,0.45,0.39,0.4,0.43,0.52,0.6,0.87,0.86,0.91,1.01,1.07,0.8
2014/2/6,豐原,NMHC,0.15,0.16,0.13,0.16,0.09,0.04,0.05,0.09,0.09,0.09,0.09,0.13,0.18,0.17,0.17,0.23,0.34,0.29,0.46,0.49,0.49,0.51,0.56,0.34
2014/2/6,豐原,NO,1.5,1.5,1.1,1.8,1.8,1.3,1.4,1.5,2.6,2.8,2.1,1.6,2.9,11,1.3,2,9.8,5.6,13,17,17,18,26,7.3
2014/2/6,豐原,NO2,9.4,9.3,8.8,12,9.7,6.4,6.2,7.9,8.2,5.9,6.1,7.7,14,21,13,19,30,31,34,34,31,28,29,25
2014/2/6,豐原,NOx,11,11,9.9,14,11,7.7,7.5,9.4,11,8.6,8.2,9.3,16,32,14,21,40,36,46,51,47,46,54,32
2014/2/6,豐原,O3,4.8,3.6,7.5,5.8,15,22,22,19,18,25,39,44,41,20,54,33,5.4,3.3,0.4,0.1,0.3,1.5,0.3,1.7
2014/2/6,豐原,PM10,44,44,55,51,42,25,15,10,12,8,7,32,47,77,77,67,73,66,73,77,73,82,83,93
2014/2/6,豐原,PM2.5,13,22,29,21,21,14,16,6,11,10,14,8,23,21,29,29,34,39,40,52,50,50,40,43
2014/2/6,豐原,RAINFALL,NR,NR,NR,NR,NR,NR,NR,NR,NR,NR,NR,NR,NR,NR,NR,NR,NR,NR,NR,NR,NR,NR,NR,NR
2014/2/6,豐原,RH,92,93,94,95,97,97,95,92,89,81,74,71,71,76,70,74,81,84,84,85,87,87,89,89
2014/2/6,豐原,SO2,1.5,1.7,1.7,1.7,1.6,1.5,1.6,1.6,1.7,2.1,3.6,4.1,4.4,4.4,1.9,3.3,3.8,3.3,3.2,2.9,2.5,3.1,3,2.9
2014/2/6,豐原,THC,1.9,2,1.9,2,1.9,1.8,1.8,1.8,1.8,1.8,1.9,1.9,2,2,1.9,2,2.2,2.1,2.3,2.4,2.4,2.4,2.5,2.2
2014/2/6,豐原,WD_HR,146,120,104,327,331,342,53,346,70,51,54,342,306,307,283,298,308,308,207,298,116,207,100,104
2014/2/6,豐原,WIND_DIREC,113,118,319,334,59,33,328,43,102,54,56,24,315,279,284,297,299,274,37,306,100,157,41,123
2014/2/6,豐原,WIND_SPEED,1.1,1.6,1.2,1.1,1.5,1.4,1.2,1.4,1.7,1.6,1.4,0.8,3,1.5,2.3,2.4,1.7,0.7,0.6,0.8,1,0.9,1.2,1
2014/2/6,豐原,WS_HR,0.8,1.4,0.7,0.8,0.5,0.5,0.8,0.4,0.7,1.3,0.9,0.7,1.6,1.9,1.6,1.8,1.4,1.1,0.1,0.6,0.7,0.7,0.6,0.5
2014/2/7,豐原,AMB_TEMP,20,19,19,19,19,19,19,18,18,19,19,19,19,20,20,22,21,19,19,18,19,19,19,19
2014/2/7,豐原,CH4,1.8,1.9,1.8,1.8,1.8,1.8,1.9,1.9,1.8,1.7,1.7,1.7,1.7,1.7,1.7,1.7,1.7,1.7,1.7,1.7,1.7,1.7,1.7,1.7
2014/2/7,豐原,CO,0.62,0.45,0.38,0.32,0.33,0.39,0.6,0.74,0.44,0.34,0.31,0.27,0.28,0.29,0.34,0.4,0.41,0.37,0.4,0.32,0.31,0.25,0.28,0.35
2014/2/7,豐原,NMHC,0.25,0.21,0.19,0.16,0.15,0.16,0.26,0.35,0.18,0.13,0.14,0.11,0.11,0.11,0.18,0.23,0.24,0.16,0.19,0.12,0.12,0.08,0.08,0.12
2014/2/7,豐原,NO,3.8,7,0.5,1.5,1.6,1.9,5.6,23,12,3.1,3.6,3.1,2.9,3.1,4.2,3.8,3.4,4.1,2,1.7,1.7,1.3,1.2,1.3
2014/2/7,豐原,NO2,19,23,15,13,12,11,15,18,19,12,13,11,13,14,17,14,20,26,19,15,12,7.9,8.1,11
2014/2/7,豐原,NOx,23,30,16,14,13,13,21,42,31,15,16,15,16,17,21,18,23,30,21,17,14,9.2,9.3,12
2014/2/7,豐原,O3,3.8,5.9,11,8.3,9.5,9.6,2.8,1.1,8.3,18,20,23,23,24,23,36,27,13,13,14,18,23,21,15
2014/2/7,豐原,PM10,92,90,66,45,41,47,65,55,57,48,40,40,32,48,48,52,70,77,79,57,44,33,26,35
2014/2/7,豐原,PM2.5,46,44,38,36,23,19,7,21,20,25,16,18,20,25,24,25,27,24,23,20,28,41,34,39
2014/2/7,豐原,RAINFALL,NR,NR,NR,NR,NR,NR,NR,NR,NR,NR,NR,NR,NR,NR,NR,NR,NR,NR,NR,NR,NR,NR,NR,NR
2014/2/7,豐原,RH,89,92,92,94,94,94,94,96,97,91,89,89,89,85,81,72,78,88,89,89,87,86,86,87
2014/2/7,豐原,SO2,2.4,4.1,2.5,1.8,1.8,1.7,1.9,2.2,2.6,2.6,2.7,2.5,2.2,2.7,2.8,2.6,2.8,3.9,2.5,2.4,1.9,1.8,1.7,2.4
2014/2/7,豐原,THC,2.1,2.1,2,2,1.9,1.9,2.1,2.3,2,1.8,1.8,1.8,1.8,1.8,1.9,1.9,2,1.9,1.9,1.8,1.8,1.8,1.8,1.9
2014/2/7,豐原,WD_HR,113,345,352,319,109,158,154,310,65,22,305,296,327,273,207,220,305,326,324,0.6,346,21,65,359
2014/2/7,豐原,WIND_DIREC,316,48,311,314,106,264,115,305,80,313,303,307,89,287,132,278,318,331,315,53,49,64,48,333
2014/2/7,豐原,WIND_SPEED,1.8,0.9,1.2,1.1,1.1,0.5,1.2,1.3,1.3,1.6,1.5,2.1,1.4,1.6,3,1.8,3,1,2.3,1.2,1.4,1.2,1.2,1.4
2014/2/7,豐原,WS_HR,0.5,0.8,0.3,0.7,1,0.2,0.8,1,1.1,0.2,1.6,1.7,0.8,0.2,0.4,1.3,2.4,1.1,0.9,0.5,0.6,0.6,1.1,0.5
2014/2/8,豐原,AMB_TEMP,18,18,17,17,16,16,15,15,15,17,18,18,18,17,18,18,17,15,15,15,14,15,14,14
2014/2/8,豐原,CH4,1.7,1.7,1.8,1.8,1.8,1.7,1.7,1.8,1.8,1.8,1.8,1.8,1.8,1.7,1.7,1.7,1.7,1.7,1.7,1.7,1.7,1.7,1.8,1.8
2014/2/8,豐原,CO,0.34,0.27,0.28,0.29,0.27,0.25,0.27,0.3,0.31,0.36,0.36,0.33,0.32,0.33,0.36,0.33,0.32,0.33,0.36,0.33,0.32,0.33,0.34,0.36
2014/2/8,豐原,NMHC,0.11,0.1,0.11,0.12,0.11,0.07,0.07,0.08,0.08,0.13,0.13,0.11,0.08,0.09,0.11,0.12,0.07,0.07,0.08,0.06,0.06,0.07,0.08,0.1
2014/2/8,豐原,NO,1.6,1.2,1.5,1.7,1.5,1.5,1.5,1.9,3.9,6.9,8.2,4.6,2.9,2.8,4.3,3.4,4.9,1.8,1.6,1.6,1.5,1.2,2.1,1.7
2014/2/8,豐原,NO2,11,8.8,10,10,11,8.1,7.3,7.9,7.6,8.8,11,7.1,7.2,9.2,10,7.5,9,6.9,8.3,7.4,6.7,7.2,10,11
2014/2/8,豐原,NOx,13,10,12,12,13,9.6,8.8,9.8,12,16,19,12,10,12,15,11,14,8.7,9.9,9,8.1,8.4,12,13
2014/2/8,豐原,O3,11,12,7.9,8.4,11,14,13,13,14,12,14,21,21,18,19,23,22,22,18,18,18,17,12,8.8
2014/2/8,豐原,PM10,40,50,38,33,17,9,6,13,13,12,4,12,14,17,16,26,25,27,22,22,25,16,11,11
2014/2/8,豐原,PM2.5,32,35,25,13,12,7,7,6,7,9,6,6,4,6,7,15,12,7,0,3,5,9,4,8
2014/2/8,豐原,RAINFALL,NR,NR,NR,NR,NR,NR,NR,NR,NR,NR,NR,NR,NR,0.2,NR,NR,NR,NR,NR,NR,NR,1,4.8,4.8
2014/2/8,豐原,RH,89,90,92,92,92,91,90,88,84,78,74,72,72,79,77,73,75,79,80,81,81,82,87,91
2014/2/8,豐原,SO2,2.8,1.4,1.2,1,1,0.9,0.9,1,1.1,1.6,3.1,1.4,1.2,1.2,2,1.5,1.2,1,1.1,1,1,1,2.3,1.4
2014/2/8,豐原,THC,1.9,1.8,1.9,1.9,1.9,1.8,1.8,1.8,1.8,1.9,1.9,1.9,1.8,1.8,1.9,1.9,1.8,1.8,1.8,1.8,1.8,1.8,1.8,1.9
2014/2/8,豐原,WD_HR,357,344,47,49,311,76,55,72,75,27,310,307,76,65,323,312,66,58,66,72,68,52,319,296
2014/2/8,豐原,WIND_DIREC,334,325,52,54,74,77,116,69,75,42,319,309,46,67,305,307,56,55,70,80,71,67,174,299
2014/2/8,豐原,WIND_SPEED,1.4,1.6,1.2,1.5,1.9,2.5,1.7,2.7,2,1.8,3.4,2.4,2.1,1.4,2.5,3.3,3.3,2.1,2.8,2.3,2.3,1.8,1.6,3.5
2014/2/8,豐原,WS_HR,0.6,0.5,0.6,0.8,0.4,1,1.1,1.4,1.7,0.7,2,1.9,1.2,1.1,1,2.8,2,1.9,1.5,1.6,1.3,0.9,0.8,0.9
2014/2/9,豐原,AMB_TEMP,14,14,14,14,14,14,14,15,14,13,14,14,14,14,14,13,13,13,12,12,11,11,11,11
2014/2/9,豐原,CH4,1.8,1.8,1.8,1.8,1.8,1.8,1.8,1.8,1.8,1.8,1.8,1.8,1.8,1.8,1.8,1.8,1.8,1.8,1.8,1.8,1.8,1.8,1.8,1.8
2014/2/9,豐原,CO,0.35,0.32,0.32,0.3,0.3,0.31,0.32,0.4,0.4,0.36,0.33,0.39,0.38,0.4,0.39,0.4,0.39,0.39,0.38,0.39,0.36,0.35,0.34,0.34
2014/2/9,豐原,NMHC,0.09,0.09,0.09,0.08,0.07,0.07,0.05,0.09,0.08,0.09,0.06,0.09,0.08,0.09,0.11,0.1,0.08,0.07,0.07,0.06,0.05,0.05,0.05,0.05
2014/2/9,豐原,NO,1.7,1.4,1.7,1.6,1.4,1.5,1.3,1.7,2.3,5,2.9,3.2,5.3,3.3,6.4,3.3,5.7,1.5,1.4,1.5,1.7,1.5,1.3,1.3
2014/2/9,豐原,NO2,13,11,9.4,8.8,6.2,5.6,5.4,7,11,10,7.3,9.9,12,12,15,12,12,8.9,8.3,8.3,6.7,5.8,5.6,4.1
2014/2/9,豐原,NOx,15,13,11,10,7.7,7.1,6.8,8.7,13,15,10,13,18,15,21,15,18,10,9.7,9.7,8.3,7.4,6.9,5.4
2014/2/9,豐原,O3,9.4,12,12,15,16,19,22,20,18,20,22,19,18,19,17,19,23,27,27,26,31,31,32,33
2014/2/9,豐原,PM10,12,17,8,7,2,0,0,1,1,1,0,1,1,1,0,0,9,9,9,0,4,8,8,11
2014/2/9,豐原,PM2.5,4,6,0,0,0,7,7,5,7,10,10,3,0,0,11,12,12,2,6,6,4,0,1,0
2014/2/9,豐原,RAINFALL,4.6,8.2,2.4,1.8,NR,NR,NR,NR,0.6,3.2,1.6,NR,NR,NR,NR,NR,NR,0.6,0.6,NR,2.2,2.2,3,NR
2014/2/9,豐原,RH,93,95,96,96,95,92,91,88,91,92,91,89,91,91,91,91,89,88,88,89,89,88,88,83
2014/2/9,豐原,SO2,1.9,1.6,1.5,1.5,1.4,1.5,1.4,1.5,2.1,1.7,1.5,1.9,1.6,1.7,1.6,1.4,1.5,1.4,1.4,1.4,1.4,1.4,1.5,1.5
2014/2/9,豐原,THC,1.9,1.9,1.9,1.9,1.8,1.8,1.8,1.9,1.9,1.9,1.8,1.9,1.9,1.9,1.9,1.9,1.9,1.8,1.8,1.8,1.8,1.8,1.8,1.8
2014/2/9,豐原,WD_HR,359,339,316,339,60,315,75,80,308,62,78,37,40,348,61,52,59,64,60,62,61,60,59,56
2014/2/9,豐原,WIND_DIREC,316,91,348,87,56,91,75,283,327,75,75,312,34,58,73,312,60,62,65,102,79,71,55,54
2014/2/9,豐原,WIND_SPEED,2.2,1.2,1,1.5,2.5,1.6,2.5,1.6,1.5,2.1,2.5,2.6,1.4,1.9,2.4,2.6,3.9,2.8,1.9,2.2,3.3,3,6,2.7
2014/2/9,豐原,WS_HR,0.3,0.7,1,0.6,2.1,0.5,2.5,0.7,1.2,0.9,2.2,0.9,0.5,0.8,1.9,1.2,2.5,1.5,1.7,1.6,2.5,1.9,3.3,4
2014/2/10,豐原,AMB_TEMP,11,10,10,10,9.6,9.3,9.2,8.8,9.1,8.8,8.9,8.8,8.5,8.1,7.7,7.7,7.6,7.5,7.3,7.3,7.4,7.5,7.5,7.5
2014/2/10,豐原,CH4,1.8,1.8,1.8,1.8,1.8,1.8,1.8,1.8,1.8,1.8,1.8,1.8,1.8,1.8,1.8,1.8,1.8,1.8,1.8,1.8,1.8,1.8,1.8,1.8
2014/2/10,豐原,CO,0.37,0.39,0.41,0.42,0.36,0.35,0.34,0.38,0.35,0.35,0.33,0.31,0.31,0.29,0.28,0.29,0.31,0.33,0.33,0.33,0.35,0.33,0.29,0.27
2014/2/10,豐原,NMHC,0.05,0.05,0.05,0.05,0.05,0.05,0.04,0.06,0.06,0.12,0.16,0.12,0.1,0.1,0.11,0.12,0.14,0.11,0.12,0.1,0.1,0.09,0.08,0.07
2014/2/10,豐原,NO,1.5,1.5,1.3,1.2,1.1,1.3,0.9,1.3,1.6,1.9,2.2,2.2,2.1,2.1,2.3,1.9,2,1.7,1.5,1.5,1.6,1.5,1.1,1.2
2014/2/10,豐原,NO2,4,3.7,3.3,2.8,3,3.1,2.8,5.7,4.4,7.5,8.3,8.7,8.5,8.5,8.6,8.3,9.8,9.9,11,8.5,8.1,7.1,5.9,5.4
2014/2/10,豐原,NOx,5.5,5.2,4.6,4,4.2,4.4,3.7,7,6,9.4,11,11,11,11,11,10,12,12,12,9.9,9.7,8.6,7.1,6.6
2014/2/10,豐原,O3,33,35,37,35,33,31,33,29,30,26,26,26,26,25,25,24,21,22,21,23,22,24,26,27
2014/2/10,豐原,PM10,11,12,5,0,1,1,3,2,3,14,14,14,15,15,22,8,17,9,16,12,12,16,11,20
2014/2/10,豐原,PM2.5,0,0,4,4,8,9,13,10,4,0,5,5,5,4,3,11,7,15,8,19,10,9,3,3
2014/2/10,豐原,RAINFALL,0.8,NR,1,0.2,NR,NR,NR,NR,NR,NR,NR,NR,NR,NR,NR,NR,NR,NR,NR,NR,NR,NR,NR,NR
2014/2/10,豐原,RH,88,89,87,86,88,88,84,85,83,84,84,83,84,84,87,85,86,84,86,86,85,84,84,85
2014/2/10,豐原,SO2,1.5,0.8,0.8,0.8,1,0.9,0.9,1,1,1.1,1.2,1.3,1.2,1.3,1.3,1.2,1.3,1.4,1.3,1.4,1.3,1.3,1.4,1.4
2014/2/10,豐原,THC,1.8,1.8,1.8,1.8,1.8,1.8,1.8,1.8,1.8,1.9,1.9,1.9,1.9,1.9,1.9,1.9,1.9,1.9,1.9,1.9,1.9,1.9,1.8,1.8
2014/2/10,豐原,WD_HR,65,61,60,79,85,71,58,62,55,72,78,84,83,77,69,72,65,67,64,66,55,59,69,64
2014/2/10,豐原,WIND_DIREC,97,54,57,103,95,60,86,59,67,70,66,79,80,66,76,70,60,70,70,89,314,110,70,72
2014/2/10,豐原,WIND_SPEED,1.6,3.5,7.1,3.5,2.5,3.9,2.3,3.7,3.1,2.9,3.1,3,2.6,2.8,2.2,2.1,3,2.2,2.1,2,1.9,2,1.9,2.2
2014/2/10,豐原,WS_HR,0.9,1.3,3.6,1.4,1.4,1.9,3.5,2.8,3.3,1.8,1.7,1.4,1.2,1.4,1.5,1,1.2,0.8,1.2,0.8,0.9,0.5,0.9,0.5
2014/2/11,豐原,AMB_TEMP,7.4,7.7,7.2,7.1,6.9,6.7,7.1,7,6.9,6.9,7.2,7.6,7.6,7.7,7.9,7.9,7.7,7.6,7.7,7.9,8,8.2,8.4,8.4
2014/2/11,豐原,CH4,1.8,1.8,1.8,1.8,1.8,1.8,1.8,1.8,1.8,1.8,1.8,1.8,1.8,1.8,1.8,1.8,1.8,1.8,1.8,1.8,1.8,1.8,1.8,1.8
2014/2/11,豐原,CO,0.25,0.24,0.24,0.24,0.25,0.25,0.25,0.32,0.31,0.31,0.31,0.32,0.32,0.32,0.32,0.32,0.33,0.38,0.33,0.3,0.3,0.28,0.29,0.29
2014/2/11,豐原,NMHC,0.06,0.05,0.05,0.05,0.05,0.05,0.05,0.07,0.08,0.09,0.09,0.1,0.1,0.12,0.12,0.13,0.13,0.13,0.1,0.08,0.08,0.07,0.08,0.08
2014/2/11,豐原,NO,1.3,1.2,1.2,0.9,1.1,1.3,1.1,1.4,1.6,1.9,2.2,2.6,2.8,2.8,2.9,2.8,1.7,1.8,1.2,1.2,0.8,0.9,0.8,0.9
2014/2/11,豐原,NO2,4.6,3.5,3.4,3.1,3.4,4,3.7,5.9,7.2,8,7.8,8.1,8.7,8.9,9.6,10,10,12,8.7,7.1,6.7,6.1,5.8,6.2
2014/2/11,豐原,NOx,5.9,4.7,4.6,4,4.5,5.2,4.8,7.3,8.9,9.8,10,11,12,12,12,13,12,13,9.9,8.2,7.5,7,6.6,7.1
2014/2/11,豐原,O3,30,32,31,32,31,31,32,28,26,26,26,26,25,24,23,21,20,18,21,24,24,24,23,22
2014/2/11,豐原,PM10,11,18,17,16,9,14,15,17,25,30,37,26,29,24,22,20,20,20,18,12,7,10,11,17
2014/2/11,豐原,PM2.5,4,0,2,1,11,13,13,15,17,23,20,15,12,9,6,4,4,6,6,7,8,8,13,4
2014/2/11,豐原,RAINFALL,NR,NR,NR,NR,NR,NR,NR,NR,NR,NR,NR,NR,NR,NR,NR,NR,NR,NR,NR,NR,NR,NR,NR,NR
2014/2/11,豐原,RH,84,80,84,84,85,85,80,80,82,82,79,78,78,79,79,77,78,80,78,77,77,76,76,79
2014/2/11,豐原,SO2,1.4,1,1.1,1.1,1.2,1.4,1.3,1.3,1.4,1.5,1.5,1.4,1.4,1.4,1.4,1.1,-0.2,0.3,0.2,0.1,0.2,0.2,0.2,0.2
2014/2/11,豐原,THC,1.8,1.8,1.8,1.8,1.8,1.8,1.8,1.8,1.8,1.9,1.9,1.9,1.9,1.9,1.9,1.9,1.9,1.9,1.9,1.8,1.8,1.8,1.8,1.8
2014/2/11,豐原,WD_HR,60,58,71,60,75,68,56,61,78,74,72,71,312,64,66,63,64,72,66,65,69,65,65,67
2014/2/11,豐原,WIND_DIREC,59,63,63,60,83,60,56,90,283,133,62,72,297,65,54,57,72,84,78,60,88,75,45,71
2014/2/11,豐原,WIND_SPEED,4.2,2.1,3.1,3.1,3.3,3.1,3.4,2.4,2.6,2,2.8,2.6,2.1,2.6,2.6,2.9,1.6,2.6,2.1,2.2,2.2,2.2,1.7,2.6
2014/2/11,豐原,WS_HR,2.2,2.6,1.4,2.3,1.4,1.8,3.2,1.3,0.7,0.9,1.5,0.7,0.7,0.5,0.9,1.5,1.2,1,1.3,1.4,1.4,1.5,1.2,1
2014/2/12,豐原,AMB_TEMP,8.7,8.9,9.4,9.4,9.6,9.9,9.7,10,11,12,14,15,16,17,16,15,14,13,12,13,12,12,13,13
2014/2/12,豐原,CH4,1.8,1.8,1.8,1.7,1.8,1.7,1.8,1.8,1.8,1.8,1.8,1.8,1.8,1.8,1.8,1.8,1.8,1.8,1.8,1.8,1.8,1.8,1.8,1.8
2014/2/12,豐原,CO,0.29,0.28,0.27,0.27,0.3,0.29,0.32,0.33,0.35,0.34,0.34,0.36,0.36,0.33,0.32,0.31,0.33,0.48,0.32,0.31,0.33,0.35,0.33,0.32
2014/2/12,豐原,NMHC,0.07,0.06,0.05,0.05,0.04,0.04,0.05,0.05,0.07,0.08,0.09,0.11,0.09,0.09,0.11,0.15,0.13,0.18,0.12,0.11,0.11,0.11,0.11,0.11
2014/2/12,豐原,NO,1,0.8,0.7,1.5,1,1.2,1.3,1.5,2.2,2.6,2.9,3.8,3.5,2.7,2.7,3,2.5,2.3,1.6,1.5,1.4,1.7,1.4,1.4
2014/2/12,豐原,NO2,5,4.5,3.8,1.9,2.1,1.9,4.1,3.6,5.3,4.9,5.1,6.8,5.6,5.5,8.6,11,13,14,11,8.2,9.7,9.5,9.7,8.4
2014/2/12,豐原,NOx,6,5.3,4.5,3.4,3.1,3.1,5.4,5.1,7.6,7.6,8,11,9,8.2,11,14,15,16,12,9.7,11,11,11,9.8
2014/2/12,豐原,O3,23,25,25,26,28,28,24,26,24,25,28,25,32,38,37,31,26,27,23,23,20,18,15,15
2014/2/12,豐原,PM10,8,12,6,6,3,5,9,5,10,14,17,20,19,27,33,31,41,63,65,48,9,7,12,20
2014/2/12,豐原,PM2.5,12,7,7,1,0,0,1,4,6,4,1,6,9,9,6,14,14,78,45,37,13,12,5,11
2014/2/12,豐原,RAINFALL,NR,NR,NR,NR,NR,NR,NR,NR,NR,NR,NR,NR,NR,NR,NR,NR,NR,NR,NR,NR,NR,NR,NR,NR
2014/2/12,豐原,RH,78,78,76,77,78,77,78,77,74,72,66,68,63,63,67,72,79,83,85,83,87,87,86,85
2014/2/12,豐原,SO2,0.3,1.1,1.1,1.1,1,1,1,1,1.3,1,1.3,1.4,1.9,1.6,1.8,1.9,1.8,1.8,1.5,1.7,1.7,1.9,1.3,2
2014/2/12,豐原,THC,1.8,1.8,1.8,1.8,1.8,1.8,1.8,1.8,1.8,1.8,1.8,1.9,1.8,1.8,1.9,1.9,1.9,2,1.9,1.9,1.9,1.9,1.9,1.9
2014/2/12,豐原,WD_HR,58,71,60,59,65,74,66,65,72,69,55,340,316,310,63,98,91,24,69,50,338,32,23,8.3
2014/2/12,豐原,WIND_DIREC,66,84,40,75,59,359,64,60,87,63,316,71,317,308,94,82,103,333,81,29,357,48,50,79
2014/2/12,豐原,WIND_SPEED,1.8,2.7,2,1.6,1.5,1.2,2.7,2,2.5,2.2,3.9,2.4,3.8,3.8,3.2,2.4,2.4,2,2.5,1.5,1.2,1,1.4,2
2014/2/12,豐原,WS_HR,0.8,1.8,1.3,0.9,1.1,0.9,1.2,1.5,1.2,1.4,1.2,0.9,2.3,2.8,0.7,0.9,0.9,0.8,1.1,1.1,0.7,0.7,0.5,0.7
2014/2/13,豐原,AMB_TEMP,13,13,13,13,13,14,13,13,13,14,14,14,15,14,14,14,13,12,12,12,12,11,11,11
2014/2/13,豐原,CH4,1.8,1.8,1.8,1.8,1.8,1.8,1.8,1.8,1.8,1.7,1.7,1.7,1.7,1.7,1.7,1.7,1.7,1.7,1.7,1.7,1.7,1.7,1.7,1.7
2014/2/13,豐原,CO,0.3,0.31,0.33,0.32,0.31,0.3,0.28,0.28,0.37,0.26,0.24,0.26,0.26,0.24,0.24,0.24,0.26,0.32,0.29,0.29,0.29,0.27,0.25,0.25
2014/2/13,豐原,NMHC,0.09,0.11,0.13,0.13,0.11,0.11,0.09,0.08,0.15,0.11,0.09,0.09,0.08,0.09,0.11,0.1,0.11,0.12,0.1,0.09,0.09,0.07,0.06,0.06
2014/2/13,豐原,NO,1.5,1.5,1.3,1.1,1.3,1.3,1.7,1.9,2.4,2.5,2.2,2.3,3,2.4,1.7,1.7,1.4,1.2,1.3,0.9,1,1.1,1,1
2014/2/13,豐原,NO2,6.4,6.6,7.3,7.3,6.5,6.8,7.9,6.9,12,7.3,5.8,7.2,7.6,8.5,8,7.8,8,11,9.7,8.1,7.3,6.2,5.8,5.3
2014/2/13,豐原,NOx,7.8,8,8.7,8.3,7.8,8.1,9.6,8.8,15,9.8,8,9.5,11,11,9.6,9.4,9.4,12,11,8.9,8.3,7.2,6.8,6.3
2014/2/13,豐原,O3,15,12,9.4,9.4,14,13,22,26,21,27,32,34,34,36,36,35,34,30,30,30,30,32,32,32
2014/2/13,豐原,PM10,20,22,23,28,19,11,1,1,2,5,5,10,12,12,16,20,29,17,9,4,4,9,10,10
2014/2/13,豐原,PM2.5,8,8,4,10,10,5,1,3,4,1,0,4,10,10,17,14,19,11,16,21,21,21,19,19
2014/2/13,豐原,RAINFALL,NR,NR,NR,NR,NR,NR,1.2,0.2,0.6,NR,NR,NR,NR,NR,NR,NR,NR,NR,NR,NR,NR,NR,NR,NR
2014/2/13,豐原,RH,85,85,86,87,84,84,86,87,88,88,85,85,83,83,84,84,85,86,88,88,87,86,88,88
2014/2/13,豐原,SO2,1.3,1.5,1.4,1.3,1.2,1.2,1.5,1.3,1.3,1.3,1.4,1.5,1.4,1.5,1.5,1.4,1.7,2,1.4,1.4,1.3,1.3,1.4,1.3
2014/2/13,豐原,THC,1.8,1.9,1.9,1.9,1.9,1.9,1.9,1.8,1.9,1.9,1.8,1.8,1.8,1.8,1.8,1.8,1.8,1.9,1.8,1.8,1.8,1.8,1.8,1.8
2014/2/13,豐原,WD_HR,96,9.9,22,48,41,50,72,57,29,55,320,63,344,81,68,59,74,70,78,73,66,75,74,66
2014/2/13,豐原,WIND_DIREC,113,182,307,19,330,58,63,55,54,59,54,57,91,88,84,345,81,70,81,71,65,66,82,77
2014/2/13,豐原,WIND_SPEED,1.2,0.9,0.9,0.7,1.3,1.5,2.6,2.6,1.8,1.6,2.2,2.7,2.9,2.7,2,1.8,2.8,2.1,1.8,1.7,2.9,2.4,2.4,2.2
2014/2/13,豐原,WS_HR,1.5,0,0.3,0.6,0.6,0.5,1.2,2.5,0.7,0.6,0.5,1.4,0.5,1.4,1.1,0.8,0.9,1.2,0.9,0.6,1.2,1.1,1.1,0.5
2014/2/14,豐原,AMB_TEMP,11,11,11,11,10,10,9.9,10,10,10,10,12,13,12,11,11,11,11,11,11,11,11,11,11
2014/2/14,豐原,CH4,1.7,1.7,1.8,1.7,1.8,1.8,1.8,1.8,1.8,1.8,1.8,1.8,1.8,1.8,1.8,1.8,1.8,1.8,1.8,1.8,1.8,1.8,1.8,1.8
2014/2/14,豐原,CO,0.24,0.23,0.23,0.22,0.23,0.23,0.26,0.32,0.3,0.31,0.32,0.34,0.3,0.29,0.29,0.28,0.33,0.37,0.35,0.33,0.32,0.31,0.3,0.27
2014/2/14,豐原,NMHC,0.05,0.05,0.05,0.05,0.06,0.05,0.06,0.08,0.09,0.1,0.14,0.12,0.08,0.09,0.1,0.1,0.13,0.12,0.12,0.11,0.12,0.1,0.09,0.08
2014/2/14,豐原,NO,1.1,0.9,1,0.7,1.2,0.8,1,1.2,1.2,1.6,1.8,2.9,2.8,2.1,2,1.5,1.6,1.8,1.4,1,0.9,0.9,0.8,1.2
2014/2/14,豐原,NO2,4.8,4.2,3.4,3.7,3.9,4.1,5,7.2,7.3,7.7,8.5,7.8,6.8,8.4,8.9,9.1,11,12,12,10,8.8,8.1,7.3,5.8
2014/2/14,豐原,NOx,5.9,5.1,4.4,4.4,5.1,4.8,6,8.3,8.5,9.3,10,11,9.6,10,11,11,13,14,14,11,9.8,9,8.1,7
2014/2/14,豐原,O3,34,35,35,35,33,34,32,28,28,26,26,28,31,29,29,31,28,26,25,26,26,27,28,30
2014/2/14,豐原,PM10,12,8,10,2,4,9,9,6,2,9,9,23,27,37,36,32,22,14,12,20,23,28,32,25
2014/2/14,豐原,PM2.5,11,6,1,1,10,16,19,7,4,6,16,13,9,6,14,18,17,14,18,22,32,31,29,25
2014/2/14,豐原,RAINFALL,NR,2.6,NR,NR,NR,NR,NR,NR,NR,NR,NR,NR,NR,NR,NR,NR,NR,NR,NR,NR,NR,NR,NR,NR
2014/2/14,豐原,RH,88,90,87,89,90,90,89,87,86,87,86,81,76,80,84,84,85,85,85,85,85,84,85,86
2014/2/14,豐原,SO2,1.3,1.3,1.2,1.2,1.3,1.2,1.3,1.4,1.4,1.5,1.5,1.6,1.5,1.5,1.4,1.4,1.5,1.4,1.4,1.6,1.4,1.4,1.4,1.4
2014/2/14,豐原,THC,1.8,1.8,1.8,1.8,1.8,1.8,1.8,1.8,1.8,1.9,1.9,1.9,1.8,1.8,1.9,1.9,1.9,1.9,1.9,1.9,1.9,1.9,1.9,1.8
2014/2/14,豐原,WD_HR,70,58,54,73,57,79,76,61,83,74,54,309,83,78,88,78,68,82,84,338,57,50,67,70
2014/2/14,豐原,WIND_DIREC,72,58,61,72,70,91,80,73,78,289,314,303,90,78,80,66,79,71,81,47,62,29,59,17
2014/2/14,豐原,WIND_SPEED,2.5,3.8,1.2,2,1.8,2.8,2.1,2.4,2.1,2.4,2.1,3.3,3.1,3.1,3.1,3.2,2,2.1,1.7,1.9,1.8,1.2,2,1.4
2014/2/14,豐原,WS_HR,0.7,2.2,1.4,0.7,0.9,0.9,1.5,1.6,1.3,0.4,0.5,1.6,0.7,1.4,1.2,2,1.4,0.8,0.5,0.4,0.5,0.5,0.8,0.5
2014/2/15,豐原,AMB_TEMP,11,11,11,11,11,11,11,11,11,12,13,13,14,14,14,15,15,15,14,15,15,14,14,14
2014/2/15,豐原,CH4,1.8,1.7,1.8,1.8,1.7,1.7,1.8,1.8,1.8,1.8,1.8,1.8,1.8,1.8,1.8,1.8,1.8,1.8,1.8,1.8,1.8,1.8,1.9,1.9
2014/2/15,豐原,CO,0.26,0.23,0.22,0.22,0.22,0.23,0.25,0.32,0.36,0.37,0.36,0.37,0.39,0.37,0.34,0.37,0.35,0.47,0.57,0.43,0.34,0.65,1.05,0.94
2014/2/15,豐原,NMHC,0.07,0.05,0.04,0.04,0.03,0.04,0.04,0.06,0.09,0.19,0.17,0.14,0.13,0.13,0.17,0.15,0.15,0.19,0.2,0.12,0.07,0.24,0.44,0.45
2014/2/15,豐原,NO,0.9,0.9,0.8,1.1,1.2,1.1,1.2,1.3,1.7,2.2,3,4.4,4.4,4.5,5.8,7.6,1.9,1.7,2.2,2.1,1.3,3.4,21,11
2014/2/15,豐原,NO2,4.7,3.1,2.2,2.6,2.2,2.2,3,6.7,11,10,9.9,13,13,16,17,19,11,16,27,11,5,19,28,32
2014/2/15,豐原,NOx,5.6,4,3,3.6,3.3,3.3,4.2,8,13,12,13,18,18,20,23,26,13,18,29,14,6.3,22,49,43
2014/2/15,豐原,O3,33,35,36,34,35,34,31,26,22,22,20,18,19,22,22,21,29,21,7,23,31,9.4,1,0.4
2014/2/15,豐原,PM10,22,10,7,1,2,1,1,3,6,12,22,31,27,25,18,30,43,56,48,37,24,28,27,47
2014/2/15,豐原,PM2.5,26,17,7,1,1,2,5,6,8,3,5,17,19,22,10,19,19,19,17,19,26,26,37,38
2014/2/15,豐原,RAINFALL,NR,NR,NR,NR,NR,NR,NR,NR,NR,NR,NR,NR,NR,NR,NR,NR,NR,NR,NR,NR,NR,NR,NR,NR
2014/2/15,豐原,RH,85,83,82,83,82,81,81,82,81,79,78,77,75,70,71,69,70,73,78,74,70,78,81,81
2014/2/15,豐原,SO2,1.3,0.7,0.7,0.7,0.8,0.7,0.7,0.7,0.8,1.1,1.3,2.4,2.8,4.2,4.3,5.5,1.6,1.7,2.8,1.4,0.9,4.2,5.8,4.8
2014/2/15,豐原,THC,1.8,1.8,1.8,1.8,1.8,1.8,1.8,1.8,1.9,1.9,1.9,1.9,1.9,1.9,1.9,1.9,1.9,2,2,1.9,1.8,2.1,2.3,2.3
2014/2/15,豐原,WD_HR,71,62,63,60,56,61,60,41,53,354,328,294,282,299,332,312,318,352,41,65,57,172,206,185
2014/2/15,豐原,WIND_DIREC,88,58,63,68,49,56,59,42,57,322,310,318,283,288,302,319,324,354,56,57,323,273,199,167
2014/2/15,豐原,WIND_SPEED,2,2.4,1.7,2.1,1.4,1.9,1.7,1.2,1.1,1.9,1.5,1.1,1.6,1.8,1.4,2.6,1.4,1.1,1.2,2.3,1.5,0.8,2.1,2.3
2014/2/15,豐原,WS_HR,0.8,1.4,1.2,0.7,1.1,1.1,0.9,0.6,0.7,0.5,0.7,0.9,1,1.4,0.7,1.9,0.8,0.5,0.6,1.2,1.2,0.6,1.3,2.9
2014/2/16,豐原,AMB_TEMP,14,13,13,13,14,14,14,14,16,17,17,18,20,21,20,19,18,18,17,17,17,17,16,15
2014/2/16,豐原,CH4,1.8,1.9,1.8,1.9,1.8,1.8,1.8,1.8,1.8,1.8,1.8,1.8,1.8,1.8,1.8,1.8,1.8,1.8,1.8,1.8,1.8,1.8,1.9,1.9
2014/2/16,豐原,CO,0.68,0.68,0.54,0.66,0.56,0.48,0.47,0.67,0.59,0.5,0.49,0.5,0.47,0.45,0.44,0.4,0.47,0.55,0.64,0.59,0.63,0.64,0.69,0.62
2014/2/16,豐原,NMHC,0.3,0.32,0.23,0.29,0.23,0.16,0.12,0.21,0.16,0.14,0.13,0.11,0.09,0.08,0.11,0.1,0.12,0.15,0.2,0.18,0.18,0.16,0.26,0.21
2014/2/16,豐原,NO,2.9,2.9,1.5,2.2,1.6,2,1.4,5.5,6.5,14,8.8,7.2,3.9,2.4,1.9,1.5,2.8,2.2,1.9,1.9,2,2,6.4,2.8
2014/2/16,豐原,NO2,26,22,13,20,14,9.3,9.1,13,16,24,19,21,12,12,12,14,26,27,25,19,17,13,24,22
2014/2/16,豐原,NOx,28,25,15,23,15,11,11,19,22,38,28,28,16,14,14,16,29,29,27,21,19,15,31,25
2014/2/16,豐原,O3,5.2,3.6,8.4,3,7.3,9.1,11,6.8,13,12,22,28,45,55,55,45,29,25,17,15,16,20,6.6,3
2014/2/16,豐原,PM10,45,51,42,50,43,34,27,25,33,42,45,52,45,45,50,67,82,78,77,72,67,69,73,82
2014/2/16,豐原,PM2.5,46,38,34,27,21,25,25,23,21,21,22,23,26,30,42,49,52,51,50,48,51,49,52,46
2014/2/16,豐原,RAINFALL,NR,NR,NR,NR,NR,NR,NR,NR,NR,NR,NR,NR,NR,NR,NR,NR,NR,NR,NR,NR,NR,NR,NR,NR
2014/2/16,豐原,RH,82,87,89,90,89,90,90,90,82,75,72,67,60,57,67,77,83,84,86,86,86,87,89,93
2014/2/16,豐原,SO2,2.9,2,1.5,1.5,1.3,1.2,1.3,2.1,5.3,9.8,9.7,9.8,5.3,4.8,4.4,4.4,8,5.9,2.4,1.8,1.9,2,1.9,1.5
2014/2/16,豐原,THC,2.1,2.2,2.1,2.2,2.1,2,1.9,2,1.9,1.9,1.9,1.9,1.9,1.9,1.9,1.9,1.9,1.9,2,2,2,2,2.1,2.1
2014/2/16,豐原,WD_HR,158,189,159,134,84,126,93,118,315,313,314,320,297,306,311,308,310,338,68,108,139,124,300,78
2014/2/16,豐原,WIND_DIREC,51,153,293,125,336,114,32,119,315,311,51,5.9,279,303,317,303,319,322,323,100,171,122,314,105
2014/2/16,豐原,WIND_SPEED,0.9,1.1,1.5,1.6,0.6,1.5,0.9,1.6,1.8,1.6,1.2,1.2,2.5,3.2,3.1,1.6,1.5,1.4,0.7,1.4,1.4,1.8,1,1.2
2014/2/16,豐原,WS_HR,0.4,0.4,0.3,0.8,0.5,1.3,0.8,1.3,0.4,1.1,1,0.8,1.2,1.5,2.6,2.3,1.4,0.7,0.6,1.2,0.8,1.3,0.4,0.5
2014/2/17,豐原,AMB_TEMP,15,15,17,16,16,16,15,16,18,22,24,24,25,25,25,25,24,22,20,19,19,20,20,21
2014/2/17,豐原,CH4,1.8,1.8,1.8,1.8,1.8,1.8,1.8,1.8,1.8,1.8,1.7,1.7,1.7,1.7,1.7,1.7,1.7,1.7,1.8,1.7,1.8,1.8,1.8,1.8
2014/2/17,豐原,CO,0.56,0.5,0.41,0.43,0.42,0.41,0.47,0.59,0.89,0.61,0.29,0.34,0.36,0.43,0.37,0.4,0.48,0.55,0.63,0.54,0.56,0.77,0.57,0.48
2014/2/17,豐原,NMHC,0.15,0.14,0.08,0.09,0.08,0.08,0.12,0.15,0.27,0.38,0.26,0.23,0.17,0.17,0.2,0.24,0.31,0.29,0.31,0.24,0.22,0.27,0.18,0.17
2014/2/17,豐原,NO,1.7,1.6,1,0.9,0.9,0.6,2,3.9,12,6.1,1.7,1.8,2,2.4,1.7,1.8,2.6,1.7,1.5,1.1,1.3,2.4,1.3,0.9
2014/2/17,豐原,NO2,12,10,5.9,5,4.1,4.4,9.9,11,20,18,5.5,7.7,9.8,14,12,13,17,23,22,18,16,25,16,10
2014/2/17,豐原,NOx,14,12,6.9,5.9,4.9,5,12,15,32,24,7.2,9.5,12,17,14,15,20,25,24,19,18,28,17,11
2014/2/17,豐原,O3,10,18,45,35,31,30,22,18,14,36,46,53,57,69,71,67,49,46,31,25,22,19,41,50
2014/2/17,豐原,PM10,78,70,68,58,69,55,52,34,35,48,49,49,48,56,67,62,58,59,55,61,50,49,58,81
2014/2/17,豐原,PM2.5,42,39,29,35,32,38,23,21,13,19,14,14,9,21,21,34,31,33,25,25,24,34,48,62
2014/2/17,豐原,RAINFALL,NR,NR,NR,NR,NR,NR,NR,NR,NR,NR,NR,NR,NR,NR,NR,NR,NR,NR,NR,NR,NR,NR,NR,NR
2014/2/17,豐原,RH,93,92,84,85,88,89,88,86,78,61,51,47,47,53,48,52,53,58,69,74,76,76,74,74
2014/2/17,豐原,SO2,1.4,1.6,2.2,2,1.6,1.4,1.4,1.5,1.9,3.5,3,2.6,3.3,4.6,4.3,3.9,4.4,3.7,2.9,2.6,2.5,3.6,4.5,4.8
2014/2/17,豐原,THC,2,2,1.8,1.9,1.9,1.9,1.9,1.9,2,2.2,2,1.9,1.9,1.9,1.9,2,2.1,2,2.1,2,2,2.1,2,2
2014/2/17,豐原,WD_HR,107,98,115,113,100,94,89,89,66,206,203,218,236,261,246,262,247,281,117,122,120,133,166,169
2014/2/17,豐原,WIND_DIREC,107,112,116,92,86,84,66,51,102,189,212,202,283,221,273,277,245,282,112,122,121,154,168,163
2014/2/17,豐原,WIND_SPEED,2.4,2.5,2.2,1.7,1.8,1.7,1.1,1.2,0.7,2.9,3.2,2.5,3.2,3.2,3.6,2.6,2.3,1,2.2,2.2,1.5,1,1.6,0.7
2014/2/17,豐原,WS_HR,1.9,1.1,2.5,1.4,2.1,2,1.4,1.7,0.8,2,3,2.5,2.1,2.1,2.6,2.7,2.9,1.6,1.9,1.8,1.9,1,1.3,0.9
2014/2/18,豐原,AMB_TEMP,19,19,19,19,19,18,18,18,20,22,24,25,23,21,20,19,18,17,17,15,15,14,13,14
2014/2/18,豐原,CH4,1.8,1.8,1.8,1.8,1.7,1.7,1.7,1.7,1.8,1.8,1.8,1.7,1.8,1.7,1.7,1.7,1.8,1.8,1.8,1.8,1.7,1.7,1.7,1.7
2014/2/18,豐原,CO,0.41,0.36,0.34,0.32,0.29,0.3,0.35,0.57,0.98,0.9,0.74,1.73,0.58,0.41,0.41,0.45,0.54,0.48,0.47,0.45,0.4,0.39,0.38,0.38
2014/2/18,豐原,NMHC,0.17,0.13,0.09,0.19,0.09,0.16,0.11,0.19,0.56,0.53,0.38,0.27,0.17,0.11,0.14,0.23,0.27,0.16,0.17,0.21,0.13,0.09,0.09,0.12
2014/2/18,豐原,NO,0.8,0.7,0.8,0.8,1,0.6,0.8,4.6,15,6.7,3.5,2.3,1.8,1.3,1.7,1.6,6.1,1.3,1.2,1.9,1,0.7,1,0.8
2014/2/18,豐原,NO2,8.2,6.6,5.9,9,6,7.4,7.5,11,23,28,22,15,15,12,15,17,24,15,16,14,11,8.5,8.5,8.7
2014/2/18,豐原,NOx,9,7.3,6.6,9.8,7,8,8.2,15,39,35,25,17,17,14,16,18,30,17,17,16,12,9.2,9.5,9.5
2014/2/18,豐原,O3,38,37,42,26,29,20,17,11,13,37,58,66,69,50,40,30,9.8,17,13,15,17,18,20,21
2014/2/18,豐原,PM10,94,90,81,69,49,41,34,33,42,55,60,57,74,98,100,79,65,60,40,22,5,5,7,4
2014/2/18,豐原,PM2.5,65,61,57,46,27,14,5,4,11,21,36,35,54,54,59,47,49,43,35,18,9,0,0,1
2014/2/18,豐原,RAINFALL,NR,NR,NR,NR,NR,NR,NR,NR,NR,NR,NR,NR,NR,NR,NR,NR,NR,NR,NR,NR,NR,NR,NR,NR
2014/2/18,豐原,RH,79,82,82,83,85,87,89,88,78,67,58,52,70,78,81,83,86,83,85,85,87,87,83,79
2014/2/18,豐原,SO2,3.3,2.4,2.5,1.9,2,1.6,1.6,1.9,3.5,7,4,4.6,5.6,3.8,3.7,2.9,4.4,1.8,1.6,1.5,1.4,1.3,1.2,1.3
2014/2/18,豐原,THC,1.9,1.9,1.8,1.9,1.8,1.9,1.8,1.9,2.3,2.3,2.2,2,1.9,1.8,1.9,2,2,1.9,1.9,2,1.9,1.8,1.8,1.9
2014/2/18,豐原,WD_HR,105,116,116,65,121,108,112,94,236,219,213,215,302,307,298,310,327,68,54,315,62,60,62,59
2014/2/18,豐原,WIND_DIREC,111,116,113,62,115,122,113,92,231,215,221,223,302,314,274,311,94,69,324,319,61,56,66,56
2014/2/18,豐原,WIND_SPEED,2,2.3,1.6,0.9,1.5,2.2,2,1.2,2.5,3.1,3.5,3.6,2.8,2.9,1.3,2.4,2.1,2.2,2.3,2,3.3,4.1,3.3,1.8
2014/2/18,豐原,WS_HR,1.6,2.2,1.9,0.6,1.6,1.4,1.9,1.4,0.6,2.2,3.5,3.3,2.8,2.6,1.3,2,0.6,1.1,1.5,1.2,1.1,2.4,2.9,1.8
2014/2/19,豐原,AMB_TEMP,13,13,13,12,12,12,12,11,12,11,11,10,10,10,11,11,10,10,10,10,10,10,10,10
2014/2/19,豐原,CH4,1.7,1.7,1.8,1.8,1.8,1.8,1.8,1.8,1.8,1.8,1.8,1.8,1.8,1.8,1.8,1.8,1.8,1.8,1.8,1.8,1.8,1.8,1.8,1.8
2014/2/19,豐原,CO,0.35,0.33,0.33,0.32,0.3,0.3,0.32,0.35,0.35,0.36,0.37,0.36,0.37,0.38,0.35,0.37,0.39,0.46,0.41,0.38,0.37,0.36,0.34,0.33
2014/2/19,豐原,NMHC,0.11,0.08,0.1,0.07,0.07,0.08,0.1,0.09,0.11,0.18,0.17,0.17,0.14,0.2,0.23,0.22,0.16,0.18,0.16,0.14,0.15,0.12,0.12,0.14
2014/2/19,豐原,NO,0.9,0.8,1,1.1,1,0.9,0.9,1.3,1.5,1.3,1.5,1.5,1.9,2.2,2.4,2.2,1.8,1.2,1,1.5,0.9,0.9,0.8,0.8
2014/2/19,豐原,NO2,7.8,7.1,6.3,5.9,5.7,5.6,7.2,8.3,8.9,9.8,11,11,12,13,15,14,13,14,13,11,9.5,9,8.3,6.8
2014/2/19,豐原,NOx,8.7,8,7.3,7,6.7,6.5,8,9.6,10,11,12,13,14,15,18,16,15,15,14,12,10,9.9,9.1,7.6
2014/2/19,豐原,O3,24,26,25,26,26,27,25,26,24,23,21,19,21,20,20,21,23,23,22,25,27,27,29,31
2014/2/19,豐原,PM10,13,13,21,12,8,8,15,15,14,10,17,10,10,14,7,11,7,6,4,5,5,9,10,19
2014/2/19,豐原,PM2.5,2,2,0,0,0,5,5,10,10,10,6,0,0,0,0,0,0,0,7,7,9,7,12,23
2014/2/19,豐原,RAINFALL,NR,NR,NR,NR,NR,NR,NR,NR,NR,NR,NR,0,2.8,3,2.2,1.2,NR,0.2,NR,1,0.2,NR,NR,NR
2014/2/19,豐原,RH,83,84,82,84,84,84,86,86,84,84,84,84,84,87,88,88,87,86,86,86,87,86,86,86
2014/2/19,豐原,SO2,1.2,0.6,0.7,0.6,0.6,0.7,0.6,0.7,0.8,0.9,0.8,0.9,0.8,0.5,0.5,1.3,1.3,1.4,1.3,1.3,1.3,1.3,1.3,1.3
2014/2/19,豐原,THC,1.8,1.8,1.9,1.8,1.8,1.8,1.9,1.8,1.9,1.9,1.9,1.9,1.9,2,2,2,1.9,1.9,1.9,1.9,1.9,1.9,1.9,1.9
2014/2/19,豐原,WD_HR,67,71,83,75,70,70,54,64,67,81,86,93,68,341,321,61,82,24,45,62,75,44,69,123
2014/2/19,豐原,WIND_DIREC,63,75,93,72,63,74,300,56,74,70,85,97,75,317,60,86,68,330,292,324,299,45,78,129
2014/2/19,豐原,WIND_SPEED,2.8,2.5,2.6,2.2,3.2,2.3,2.2,4.7,2.6,4.5,3.6,4.4,2.8,1.4,0.9,2.4,2.4,2.1,3.5,2.4,1.9,1.5,2.4,3.3
2014/2/19,豐原,WS_HR,1.3,2.7,1.3,1.6,1.4,0.9,1.2,2.3,1.4,2,1.4,1.1,2.1,0.4,0.6,0.4,1.3,0.4,0.5,1.5,0.4,0.5,0.4,0.2
2014/2/20,豐原,AMB_TEMP,10,10,10,10,9.8,9.3,8.7,8.8,11,12,13,14,15,15,15,15,14,12,10,9.4,9.1,8.4,8,7.6
2014/2/20,豐原,CH4,1.7,1.7,1.7,1.7,1.7,1.7,1.7,1.8,1.7,1.7,1.7,1.7,1.7,1.7,1.7,1.7,1.7,1.8,1.8,1.8,1.7,1.7,1.7,1.7
2014/2/20,豐原,CO,0.32,0.31,0.3,0.29,0.29,0.28,0.33,0.51,0.33,0.29,0.32,0.32,0.32,0.31,0.31,0.33,0.35,0.42,0.43,0.44,0.35,0.36,0.35,0.32
2014/2/20,豐原,NMHC,0.07,0.11,0.07,0.07,0.1,0.12,0.09,0.13,0.09,0.08,0.08,0.09,0.09,0.11,0.1,0.12,0.15,0.17,0.13,0.2,0.08,0.15,0.07,0.06
2014/2/20,豐原,NO,0.8,0.9,0.8,1.7,1.6,1.5,2,5.1,3.5,3,3,2.8,2.5,2.3,2.2,2.4,2.1,2.2,1.9,2,2,1.7,1.9,1.9
2014/2/20,豐原,NO2,6,5.3,5.2,4.3,4.2,5.2,8.8,16,7.7,5.8,6.7,6.8,6.5,7,8,8.5,9.4,13,13,12,7.2,6.5,6.1,4.6
2014/2/20,豐原,NOx,6.8,6.2,6,5.9,5.8,6.7,11,22,11,8.7,9.7,9.6,9,9.3,10,11,12,15,15,14,9.1,8.3,8,6.5
2014/2/20,豐原,O3,32,33,32,33,30,30,26,20,31,36,40,45,51,56,59,56,53,44,41,38,42,39,39,38
2014/2/20,豐原,PM10,14,26,25,33,22,18,12,21,25,28,35,35,30,32,38,38,59,75,80,77,61,62,60,65
2014/2/20,豐原,PM2.5,27,25,16,12,10,9,12,11,16,14,20,18,9,6,12,12,32,32,40,27,41,35,38,34
2014/2/20,豐原,RAINFALL,NR,NR,NR,NR,NR,NR,NR,NR,NR,NR,NR,NR,NR,NR,NR,0,NR,NR,NR,NR,NR,NR,NR,NR
2014/2/20,豐原,RH,84,84,83,81,80,77,73,73,68,62,57,51,46,45,45,46,50,56,59,61,60,64,65,65
2014/2/20,豐原,SO2,1.5,1.2,1.2,1.2,1.1,1.3,1.1,1.4,1.4,1.7,1.7,1.8,1.7,1.7,2.1,2.7,3.2,3.5,3,2.5,2.2,2.2,2.3,2.2
2014/2/20,豐原,THC,1.8,1.9,1.8,1.8,1.8,1.9,1.8,1.9,1.8,1.8,1.8,1.8,1.8,1.8,1.8,1.9,1.9,1.9,1.9,2,1.8,1.9,1.8,1.8
2014/2/20,豐原,WD_HR,59,83,72,68,45,42,57,64,14,280,290,33,65,280,77,105,125,117,81,60,56,75,64,78
2014/2/20,豐原,WIND_DIREC,309,82,63,25,42,54,76,53,295,168,330,95,141,252,87,105,170,86,96,66,53,72,65,69
2014/2/20,豐原,WIND_SPEED,2.2,2.4,2.5,1.5,1.4,1.3,1.6,2,2.9,2.7,3.4,2.9,3.4,3.8,3.9,4.1,3.5,3.1,1.7,2,3.1,1.9,2.9,1.5
2014/2/20,豐原,WS_HR,1.4,1.3,1.4,1,0.6,0.6,1.1,1.1,0.3,0.3,1.1,0.3,0.3,1,0.7,1.4,0.9,0.9,0.9,0.7,2.4,0.9,1.6,1.1
2014/3/1,豐原,AMB_TEMP,18,18,18,18,18,18,18,19,21,22,23,24,25,25,26,26,24,23,22,22,21,21,21,21
2014/3/1,豐原,CH4,1.8,1.8,1.8,1.8,1.8,1.8,1.7,1.8,1.8,1.8,1.7,1.7,1.7,1.7,1.7,1.7,1.7,1.7,1.7,1.7,1.7,1.7,1.8,1.8
2014/3/1,豐原,CO,0.39,0.36,0.4,0.39,0.37,0.43,0.44,0.68,0.93,0.83,0.46,3.49,0.93,0.81,0.75,0.62,0.52,0.66,0.39,0.35,0.41,0.51,0.56,0.58
2014/3/1,豐原,NMHC,0.15,0.15,0.17,0.14,0.14,0.16,0.13,0.22,0.44,0.35,0.25,0.28,0.16,0.15,0.16,0.2,0.13,0.12,0.16,0.09,0.13,0.16,0.18,0.18
2014/3/1,豐原,NO,1.2,1.2,1.5,2.1,1.9,2,1.9,3.7,7.9,11,3.7,3.8,2.8,2.8,2.6,2.6,2.7,2.3,2,1.9,1.6,2,2.4,2
2014/3/1,豐原,NO2,10,8.8,10,9,8.9,11,9.6,15,29,26,11,16,9.4,8.8,9,11,18,22,17,12,12,15,16,15
2014/3/1,豐原,NOx,12,10,11,11,11,13,12,19,37,37,15,20,12,12,12,13,21,24,19,14,14,17,18,17
2014/3/1,豐原,O3,21,21,16,17,18,16,21,22,17,24,37,42,45,50,54,55,48,33,38,48,41,27,23,17
2014/3/1,豐原,PM10,37,43,38,32,32,32,36,39,60,75,75,70,70,70,71,68,72,55,56,51,69,56,58,52
2014/3/1,豐原,PM2.5,13,7,3,3,3,8,4,9,18,32,37,34,30,40,39,35,30,31,35,33,37,43,47,51
2014/3/1,豐原,RAINFALL,NR,NR,NR,NR,NR,NR,NR,NR,NR,NR,NR,NR,NR,NR,NR,NR,NR,NR,NR,NR,NR,NR,NR,NR
2014/3/1,豐原,RH,81,80,82,82,80,81,81,75,70,65,57,57,51,49,48,49,58,66,71,77,78,79,78,80
2014/3/1,豐原,SO2,1.6,1.8,1.7,1.5,1.5,1.7,1.8,2.5,5,5.1,3.1,4.9,4.1,7.4,5.9,5.2,8.4,10,6.6,4.3,4.1,3.4,4.6,3.1
2014/3/1,豐原,THC,1.9,1.9,2,1.9,1.9,1.9,1.9,2,2.2,2.1,2,2,1.9,1.9,1.9,1.9,1.9,1.8,1.9,1.8,1.9,1.9,1.9,1.9
2014/3/1,豐原,WD_HR,115,119,112,115,126,124,113,125,211,211,199,195,208,206,214,221,295,304,318,302,299,135,177,116
2014/3/1,豐原,WIND_DIREC,103,128,115,107,177,74,114,243,215,196,198,184,217,200,225,216,285,319,320,304,119,168,123,115
2014/3/1,豐原,WIND_SPEED,1.7,1.4,1.8,2.2,1,1.2,2.2,0.9,0.9,2,2.9,2.9,3.2,4.3,4.4,2.5,3.1,2.2,1.8,1.5,1,0.7,1,0.6
2014/3/1,豐原,WS_HR,1.9,0.8,1.5,1.9,0.6,0.9,2,0.4,1.1,1,2.5,2.5,3.1,3.6,3.4,2.8,2.8,2.1,1.9,1.2,0.2,0.8,0.6,0.9
2014/3/2,豐原,AMB_TEMP,21,20,19,18,18,17,16,16,16,16,17,17,18,18,19,18,17,16,16,15,15,15,15,15
2014/3/2,豐原,CH4,1.9,1.8,1.8,1.7,1.7,1.7,1.7,1.7,1.7,1.7,1.7,1.7,1.7,1.7,1.8,1.8,1.8,1.8,1.8,1.8,1.8,1.8,1.8,1.8
2014/3/2,豐原,CO,0.51,0.44,0.42,0.33,0.33,0.33,0.33,0.34,0.34,0.34,0.33,0.32,0.32,0.33,0.34,0.37,0.35,0.36,0.33,0.34,0.34,0.34,0.32,0.29
2014/3/2,豐原,NMHC,0.18,0.15,0.13,0.07,0.05,0.05,0.05,0.05,0.06,0.06,0.06,0.06,0.06,0.07,0.07,0.09,0.08,0.09,0.06,0.07,0.06,0.06,0.06,0.05
2014/3/2,豐原,NO,1.9,2.2,3.1,1,1.2,1.1,1.1,1,1.4,1.9,1.8,2.4,2.3,2.4,3.3,3.6,2,1.7,1.3,1,1.1,1.2,0.9,1.1
2014/3/2,豐原,NO2,16,16,19,6.8,5.3,5.2,4.9,5.2,5.6,5.8,6,5.8,6.3,7.6,9,11,11,12,8.6,9.6,9.2,8.7,8.1,6
2014/3/2,豐原,NOx,18,19,22,7.8,6.5,6.3,6,6.2,7,7.7,7.8,8.1,8.6,10,12,15,13,13,9.9,11,10,9.9,9,7.2
2014/3/2,豐原,O3,24,28,19,29,32,32,31,30,29,28,28,28,31,28,30,30,27,24,25,22,22,22,23,29
2014/3/2,豐原,PM10,69,91,100,78,40,14,7,5,0,0,2,7,13,18,17,24,28,27,20,20,29,26,23,14
2014/3/2,豐原,PM2.5,51,62,61,47,21,2,0,2,2,2,1,1,4,7,9,8,5,11,15,16,16,14,11,3
2014/3/2,豐原,RAINFALL,NR,1.4,NR,NR,NR,NR,NR,NR,NR,NR,NR,NR,NR,NR,NR,NR,NR,NR,NR,NR,NR,NR,NR,NR
2014/3/2,豐原,RH,82,86,90,89,86,87,86,85,83,80,77,74,71,73,68,71,76,79,80,80,80,80,81,81
2014/3/2,豐原,SO2,3.8,3.8,3.5,1.6,1.2,1.2,1.2,1.2,1.3,1.3,1.3,1.3,1.4,1.3,1.7,1.7,1.4,1.3,1.4,1.3,1.4,1.3,1.3,1.3
2014/3/2,豐原,THC,2,2,1.9,1.8,1.8,1.8,1.8,1.8,1.8,1.8,1.8,1.8,1.8,1.8,1.8,1.9,1.9,1.9,1.8,1.8,1.8,1.8,1.8,1.8
2014/3/2,豐原,WD_HR,311,310,325,62,74,8.8,47,65,72,62,74,69,24,355,330,314,64,75,62,68,62,70,59,75
2014/3/2,豐原,WIND_DIREC,302,308,322,59,61,56,85,49,106,70,64,84,308,75,325,84,52,76,83,63,61,62,67,71
2014/3/2,豐原,WIND_SPEED,1.4,2.7,2.1,2,2,1.9,1.9,3.7,3.4,2.6,2.7,2.5,3.8,2.1,4,2.7,3.1,2.6,2.5,2.5,1.9,2.2,1.8,2.5
2014/3/2,豐原,WS_HR,0.4,1.8,0.8,1,1.6,0.7,0.4,1.9,2,1.7,1.4,1.1,0.7,0.4,1.6,2.3,1.3,1.4,1.6,1.5,1.6,0.8,1.5,0.8
2014/3/3,豐原,AMB_TEMP,14,14,14,14,14,14,14,13,14,15,16,17,17,18,18,18,19,17,16,16,16,16,17,17
2014/3/3,豐原,CH4,1.7,1.7,1.8,1.8,1.7,1.8,1.8,1.8,1.8,1.8,1.8,1.8,1.8,1.8,1.8,1.8,1.8,1.8,1.8,1.8,1.8,1.8,1.8,1.8
2014/3/3,豐原,CO,0.28,0.3,0.34,0.33,0.33,0.32,0.32,0.36,0.34,0.33,0.37,0.41,0.41,0.39,0.39,0.39,0.42,0.47,0.43,0.4,0.4,0.42,0.41,0.45
2014/3/3,豐原,NMHC,0.04,0.04,0.04,0.03,0.03,0.04,0.05,0.07,0.07,0.08,0.13,0.12,0.11,0.1,0.12,0.11,0.15,0.18,0.16,0.15,0.12,0.12,0.11,0.17
2014/3/3,豐原,NO,1.2,0.9,1.1,1.2,1.2,1.4,1.6,1.4,1.7,1.8,3.9,8,4.1,3.2,3.1,2.4,2.4,2.9,1.6,1.4,1.7,1.5,1.3,1.3
2014/3/3,豐原,NO2,4.5,4.7,5.1,4.1,3.7,4.5,6.4,8.9,9.4,7.9,12,18,16,12,11,9.4,13,19,15,12,10,11,11,13
2014/3/3,豐原,NOx,5.8,5.6,6.2,5.2,4.9,5.9,8,10,11,9.7,16,26,20,15,14,12,15,22,17,13,12,12,12,14
2014/3/3,豐原,O3,33,37,42,42,39,35,36,35,35,33,30,27,33,38,39,40,35,27,26,27,26,22,19,14
2014/3/3,豐原,PM10,11,17,24,29,14,5,5,12,20,18,23,26,31,27,24,39,39,51,37,42,29,25,31,33
2014/3/3,豐原,PM2.5,0,2,3,3,0,1,1,7,10,18,25,32,35,24,11,9,19,23,22,18,18,13,13,21
2014/3/3,豐原,RAINFALL,NR,NR,NR,NR,NR,NR,NR,NR,NR,NR,NR,NR,NR,NR,NR,NR,NR,NR,NR,NR,NR,NR,NR,NR
2014/3/3,豐原,RH,81,81,83,81,78,80,84,86,84,81,76,71,74,71,70,69,68,73,77,78,78,78,78,79
2014/3/3,豐原,SO2,1.2,1.4,1.4,1.2,1.2,1.2,1.2,1.4,1.3,1.4,1.7,4,2.6,1.8,1.7,1.5,1.8,2.8,1.9,1.6,1.7,1.5,1.5,1.9
2014/3/3,豐原,THC,1.8,1.8,1.8,1.8,1.8,1.8,1.8,1.8,1.8,1.8,1.9,1.9,1.9,1.9,1.9,1.9,1.9,2,1.9,1.9,1.9,1.9,1.9,2
2014/3/3,豐原,WD_HR,61,43,67,57,82,75,15,63,71,45,319,301,325,315,342,66,321,314,346,0.4,23,43,78,275
2014/3/3,豐原,WIND_DIREC,54,65,64,62,54,295,316,61,79,315,329,301,308,315,78,63,316,316,49,51,26,56,164,213
2014/3/3,豐原,WIND_SPEED,2.2,2,1.9,3.1,1.2,1.7,2.9,2.2,3.5,2.3,1.7,2.6,1.8,3.6,2.1,2.1,2.6,2.7,1.3,1.5,1.2,1.5,1.3,1.3
2014/3/3,豐原,WS_HR,2,0.7,1.6,2.8,2,0.5,0.8,1.1,1.7,0.9,1,2.5,1.2,2.1,0.7,1.4,0.9,1.7,0.5,0.7,0.8,0.6,0.3,0.6
2014/3/4,豐原,AMB_TEMP,16,16,15,16,15,16,16,16,16,18,21,23,20,21,21,19,18,18,17,18,18,18,17,16
2014/3/4,豐原,CH4,1.8,1.9,1.8,1.8,1.8,1.8,1.8,1.8,1.8,1.8,1.8,1.8,1.8,1.8,1.8,1.8,1.8,1.8,1.8,1.8,1.8,1.8,1.8,1.9
2014/3/4,豐原,CO,0.45,0.43,0.41,0.4,0.32,0.34,0.49,0.59,0.5,0.57,1.97,1.15,0.48,0.45,0.55,0.44,0.53,0.69,0.49,0.57,0.4,0.44,0.43,0.43
2014/3/4,豐原,NMHC,0.18,0.2,0.17,0.16,0.1,0.11,0.17,0.19,0.16,0.22,0.45,0.45,0.32,0.26,0.32,0.3,0.4,0.49,0.26,0.31,0.17,0.22,0.19,0.23
2014/3/4,豐原,NO,1.7,2.1,2.2,1.1,0.8,1.2,3.7,7.9,6.7,8.4,9,4.3,10,5.9,9.8,4.1,6,13,4.1,1.8,0.8,0.9,3.2,2.9
2014/3/4,豐原,NO2,18,24,21,22,16,18,20,25,25,23,25,28,31,30,44,30,39,46,32,30,14,18,20,26
2014/3/4,豐原,NOx,20,26,24,23,17,19,24,33,32,31,34,32,41,36,54,35,45,59,36,32,15,18,23,29
2014/3/4,豐原,O3,8.9,5.3,12,10,18,15,8.3,6.5,10,12,26,37,25,36,17,22,12,3.5,12,11,29,23,14,2.4
2014/3/4,豐原,PM10,40,40,50,56,61,60,62,60,64,78,88,96,92,90,98,96,91,100,102,104,68,54,37,42
2014/3/4,豐原,PM2.5,24,26,19,20,20,22,26,29,37,37,39,38,41,47,52,56,60,60,59,49,32,24,21,34
2014/3/4,豐原,RAINFALL,NR,NR,NR,NR,NR,NR,NR,NR,NR,NR,NR,NR,NR,NR,NR,NR,NR,NR,NR,NR,NR,1,1,3.4
2014/3/4,豐原,RH,80,82,83,83,88,87,87,86,88,83,66,60,72,67,68,76,80,80,83,83,79,80,86,90
2014/3/4,豐原,SO2,2.6,3.4,3.5,2.9,2.3,1.9,1.9,2.5,3,2.8,4.9,4.9,4.5,4.5,9.2,3.9,4.5,5.8,3.8,3,2.2,2.2,2.1,1.8
2014/3/4,豐原,THC,2,2.1,2,2,1.9,1.9,2,2,2,2,2.3,2.3,2.2,2.1,2.2,2.1,2.2,2.3,2.1,2.1,1.9,2,2,2.1
2014/3/4,豐原,WD_HR,287,307,320,306,30,318,160,317,330,105,243,258,307,308,292,308,324,313,2.3,39,74,22,324,321
2014/3/4,豐原,WIND_DIREC,291,315,318,321,119,116,167,71,5.6,315,235,307,292,310,276,0.8,323,295,92,46,92,43,303,317
2014/3/4,豐原,WIND_SPEED,1.2,1.5,1,1.9,1.5,1.1,0.9,1.4,0.7,1.5,1.5,2.8,1.6,1.8,2.2,1.7,2.3,1.9,1.4,1.2,1.2,0.8,1.8,1.3
2014/3/4,豐原,WS_HR,1.1,1,0.8,0.6,0.4,1,0.2,0.7,0.7,1.3,0.8,1.9,2.1,1.1,1.1,1.9,0.9,1,0.4,0.4,0.8,0.5,1.1,0.9
2014/3/5,豐原,AMB_TEMP,16,16,15,15,15,15,14,14,15,16,17,19,20,21,21,20,19,18,16,15,15,15,15,15
2014/3/5,豐原,CH4,1.8,1.8,1.8,1.7,1.7,1.7,1.8,1.8,1.8,1.8,1.8,1.8,1.7,1.7,1.7,1.7,1.7,1.7,1.7,1.7,1.7,1.7,1.7,1.7
2014/3/5,豐原,CO,0.44,0.38,0.28,0.25,0.27,0.29,0.32,0.36,0.37,0.37,0.36,0.36,0.34,0.3,0.3,0.3,0.32,0.39,0.34,0.32,0.28,0.27,0.27,0.28
2014/3/5,豐原,NMHC,0.24,0.19,0.11,0.06,0.05,0.06,0.06,0.07,0.07,0.1,0.08,0.09,0.08,0.07,0.09,0.08,0.17,0.13,0.08,0.06,0.04,0.04,0.04,0.05
2014/3/5,豐原,NO,1.9,0.9,0.7,1.4,1.4,1.6,1.6,2,2.3,2.9,2.8,2.8,2.1,1.9,2.1,2.1,1.9,2,1.6,1.4,1.2,1.4,1.4,1.4
2014/3/5,豐原,NO2,24,17,11,5.8,5.1,5.3,5.7,6.8,5.5,6.8,6.5,6,5.3,4.9,5.4,5.8,6.7,12,9.4,6.7,5.5,4.6,4.4,4.4
2014/3/5,豐原,NOx,26,17,11,7.2,6.5,6.8,7.3,8.8,7.8,9.7,9.3,8.7,7.4,6.8,7.4,7.9,8.6,14,11,8.1,6.7,6,5.8,5.8
2014/3/5,豐原,O3,6.7,12,25,31,32,30,28,27,29,29,32,36,43,47,46,45,41,31,32,34,36,37,37,34
2014/3/5,豐原,PM10,26,13,2,4,13,20,19,9,0,10,10,10,5,12,29,38,45,41,32,20,11,11,10,12
2014/3/5,豐原,PM2.5,28,19,9,3,2,1,5,5,6,7,7,9,3,3,2,4,5,4,10,18,17,17,9,13
2014/3/5,豐原,RAINFALL,0.4,NR,4,NR,NR,NR,NR,NR,NR,NR,NR,NR,NR,NR,NR,NR,NR,NR,NR,NR,NR,NR,NR,NR
2014/3/5,豐原,RH,91,91,91,88,82,83,85,84,81,75,71,65,60,58,57,59,62,66,71,74,74,74,74,74
2014/3/5,豐原,SO2,1.4,1,0.9,0.8,0.8,0.8,0.8,1,1,1.2,1.3,1.5,1.5,1.5,1.5,1.5,1.3,1.2,1.1,1,1,0.9,1,1
2014/3/5,豐原,THC,2.1,2,1.9,1.8,1.8,1.8,1.8,1.8,1.8,1.9,1.8,1.8,1.8,1.8,1.8,1.8,1.9,1.9,1.8,1.8,1.8,1.8,1.8,1.8
2014/3/5,豐原,WD_HR,345,58,49,62,62,69,66,62,64,72,66,15,312,317,296,75,66,67,63,63,61,63,65,60
2014/3/5,豐原,WIND_DIREC,59,32,51,53,74,66,63,53,64,96,72,307,316,15,307,278,67,68,60,71,57,60,60,353
2014/3/5,豐原,WIND_SPEED,1.8,1.8,2.2,3,2,2.6,2.9,4.2,3,2.7,2.8,3.4,4.5,2.4,4.1,1.9,2.2,2.5,2.8,3.3,3.4,3.3,2.5,1.1
2014/3/5,豐原,WS_HR,0.6,0.9,0.4,2.1,1.8,1.8,2.1,2.7,2.1,1.4,2,0.9,2.5,0.8,2,0.5,0.3,0.9,2,2.3,2.4,2.2,1.4,1.2
2014/3/6,豐原,AMB_TEMP,15,14,14,14,14,14,14,14,15,14,14,16,16,15,15,16,16,15,15,14,14,14,14,14
2014/3/6,豐原,CH4,1.7,1.7,1.7,1.7,1.7,1.7,1.8,1.8,1.8,1.8,1.8,1.8,1.8,1.8,1.8,1.8,1.8,1.8,1.8,1.8,1.8,1.7,1.8,1.7
2014/3/6,豐原,CO,0.28,0.27,0.26,0.26,0.26,0.29,0.35,0.45,0.5,0.48,0.51,0.67,0.68,0.47,0.46,0.43,0.5,0.51,0.39,0.33,0.31,0.28,0.26,0.23
2014/3/6,豐原,NMHC,0.06,0.15,0.07,0.04,0.04,0.04,0.12,0.1,0.18,0.24,0.32,0.34,0.29,0.18,0.29,0.17,0.25,0.23,0.18,0.19,0.14,0.1,0.13,0.1
2014/3/6,豐原,NO,1.3,1.3,1.4,1.4,1.4,1,1.4,1.5,2.5,5.4,6.8,7.5,10,8.2,4.8,2.8,2,2.5,1.8,1.7,1.5,1.3,1.1,1.3
2014/3/6,豐原,NO2,5,4.6,3.9,3.3,3.4,4.5,7.6,9.8,15,24,28,22,25,25,23,16,16,22,16,19,13,10,8.8,7
2014/3/6,豐原,NOx,6.3,5.9,5.3,4.7,4.8,5.5,9,11,18,29,35,29,36,33,28,18,18,24,17,20,15,11,9.9,8.2
2014/3/6,豐原,O3,32,31,32,33,34,31,26,26,17,16,13,13,13,15,16,19,21,12,17,17,22,26,26,30
2014/3/6,豐原,PM10,12,15,9,4,3,6,9,10,15,30,40,40,64,63,68,42,45,47,49,28,13,4,6,9
2014/3/6,豐原,PM2.5,5,9,2,4,0,0,0,6,8,14,16,16,24,20,24,29,41,32,23,10,6,1,0,1
2014/3/6,豐原,RAINFALL,NR,NR,NR,NR,NR,NR,NR,NR,NR,NR,NR,NR,NR,NR,NR,NR,NR,NR,NR,NR,NR,NR,NR,0.6
2014/3/6,豐原,RH,76,76,77,77,77,77,77,80,78,80,80,77,74,77,78,78,78,80,82,84,85,84,84,85
2014/3/6,豐原,SO2,1,1.3,1.1,1,1,1.1,1.2,1.3,1.5,4,4.3,3.1,4.1,3.9,2,1,1,1.5,0.8,0.8,0.7,0.7,0.7,0.6
2014/3/6,豐原,THC,1.8,1.9,1.8,1.8,1.8,1.8,1.9,1.9,1.9,2,2.1,2.1,2.1,2,2.1,2,2,2,1.9,2,1.9,1.9,1.9,1.8
2014/3/6,豐原,WD_HR,56,325,59,70,69,63,357,338,314,323,318,272,298,311,336,78,71,307,34,65,66,62,24,56
2014/3/6,豐原,WIND_DIREC,323,329,62,60,83,57,303,111,310,315,10,279,311,316,37,69,7,38,359,58,53,68,16,66
2014/3/6,豐原,WIND_SPEED,1.2,1.8,2.2,2.5,2.8,2.4,2,2.1,1.5,1,1.3,1.4,2.9,3.4,1,1.8,1.4,1.7,2.1,2.5,2.6,1.7,1.6,1.9
2014/3/6,豐原,WS_HR,0.9,0.8,1.2,1.5,1.8,1.5,0.6,0.7,0.4,0.8,1,0.1,1.9,2.1,0.5,1.5,1.1,1.1,0.5,1,1.3,1.3,0.3,0.6
2014/3/7,豐原,AMB_TEMP,14,13,13,13,13,13,14,14,14,15,15,15,17,18,17,16,16,16,16,16,16,15,16,16
2014/3/7,豐原,CH4,1.7,1.7,1.7,1.7,1.7,1.7,1.7,1.8,1.7,1.8,1.8,1.7,1.7,1.8,1.8,1.8,1.8,1.8,1.8,1.8,1.8,1.8,1.8,1.8
2014/3/7,豐原,CO,0.22,0.2,0.2,0.2,0.21,0.21,0.24,0.35,0.29,0.26,0.28,0.27,0.28,0.33,0.32,0.34,0.34,0.36,0.47,0.5,0.56,0.47,0.49,0.47
2014/3/7,豐原,NMHC,0.09,0.07,0.05,0.06,0.05,0.04,0.05,0.1,0.12,0.11,0.15,0.09,0.07,0.18,0.2,0.24,0.22,0.13,0.22,0.28,0.33,0.27,0.29,0.24
2014/3/7,豐原,NO,1.3,1.4,1.5,1.3,1.3,0.9,1.2,1.8,3.1,2.7,2.6,2.7,2.7,4,1.4,1.9,2,3.9,1.8,2.3,5.6,2.6,2.8,3
2014/3/7,豐原,NO2,6.2,5.7,5,4.8,4.7,4.4,5.9,13,8.9,7.3,10,8.9,7.7,15,14,16,18,14,19,29,32,29,29,25
2014/3/7,豐原,NOx,7.5,7.1,6.5,6.1,6,5.3,7.1,15,12,10,13,12,10,19,15,18,20,18,20,31,37,32,32,28
2014/3/7,豐原,O3,30,31,32,32,31,32,28,20,25,29,30,32,33,36,33,28,25,26,18,6.3,2.4,4.2,2.2,2.1
2014/3/7,豐原,PM10,9,6,3,3,7,6,11,10,7,6,3,7,12,21,30,33,38,36,32,35,45,52,40,39
2014/3/7,豐原,PM2.5,4,7,10,8,5,0,0,0,0,0,0,0,13,15,21,15,18,19,20,24,17,21,21,29
2014/3/7,豐原,RAINFALL,NR,NR,NR,NR,NR,0.6,NR,0.2,0.2,NR,NR,NR,NR,NR,NR,NR,NR,NR,NR,NR,NR,NR,NR,NR
2014/3/7,豐原,RH,86,86,86,86,87,85,85,86,85,83,81,80,74,71,75,79,80,79,79,82,84,86,86,86
2014/3/7,豐原,SO2,0.6,1.2,1.2,1.2,1.2,1.2,1.2,1.3,1.4,1.4,1.6,1.6,1.7,3.5,1.8,1.9,1.9,1.4,1.8,3.6,3.5,3.9,3.3,2.6
2014/3/7,豐原,THC,1.8,1.8,1.8,1.8,1.8,1.8,1.8,1.9,1.9,1.9,1.9,1.8,1.8,1.9,1.9,2,2,1.9,2,2.1,2.2,2.1,2.1,2.1
2014/3/7,豐原,WD_HR,23,13,62,358,60,58,48,44,352,27,23,66,351,315,22,356,51,93,323,314,288,344,348,14
2014/3/7,豐原,WIND_DIREC,317,21,64,302,54,80,10,64,314,324,64,81,316,314,76,66,43,132,324,306,297,320,335,118
2014/3/7,豐原,WIND_SPEED,3,1.7,1.7,2,1.1,2,1.6,2.8,2,2,2.3,2.3,1.9,3.6,1.7,1.4,1.4,0.9,1.4,1.2,1.8,0.8,0.6,1.4
2014/3/7,豐原,WS_HR,0.8,0.4,0.7,0.7,1,0.9,0.8,0.7,0.4,0.5,0.4,2.1,0.6,2.6,0.5,0.4,0.9,1.6,0.8,0.8,1.3,0.5,0.4,0.2
2014/3/8,豐原,AMB_TEMP,16,15,16,16,15,16,16,16,16,17,16,15,15,14,14,13,13,14,14,14,14,14,14,14
2014/3/8,豐原,CH4,1.8,1.8,1.8,1.8,1.8,1.8,1.8,1.9,1.9,1.9,1.8,1.8,1.8,1.8,1.8,1.8,1.8,1.8,1.8,1.8,1.8,1.8,1.8,1.8
2014/3/8,豐原,CO,0.46,0.42,0.4,0.44,0.38,0.35,0.44,0.64,0.58,0.53,0.43,0.4,0.38,0.37,0.39,0.42,0.41,0.45,0.44,0.48,0.41,0.46,0.41,0.42
2014/3/8,豐原,NMHC,0.23,0.22,0.18,0.2,0.16,0.1,0.16,0.3,0.25,0.26,0.16,0.13,0.12,0.08,0.1,0.14,0.11,0.1,0.08,0.1,0.06,0.1,0.07,0.07
2014/3/8,豐原,NO,3.1,1.9,1.3,2.1,1.7,1,2.3,7.3,9.6,9.7,4.9,2.3,1.7,1.6,1.2,1.2,1.1,1,1,1,0.8,1.1,1.4,1.2
2014/3/8,豐原,NO2,22,21,17,18,17,9.5,12,19,23,20,23,20,12,9.8,9.9,11,10,11,11,13,6.6,11,7.2,6.5
2014/3/8,豐原,NOx,25,23,18,20,18,11,15,26,33,30,28,23,13,11,11,12,11,12,12,14,7.4,12,8.5,7.7
2014/3/8,豐原,O3,2.4,4.7,4.4,3.3,10,16,10,6.1,6.1,9.9,20,32,39,43,43,40,40,34,32,27,34,26,33,34
2014/3/8,豐原,PM10,39,58,45,39,22,25,27,43,49,57,57,59,49,31,17,15,22,27,30,20,18,11,9,10
2014/3/8,豐原,PM2.5,23,21,20,18,26,20,21,9,8,18,28,37,21,9,2,6,11,18,18,12,2,0,0,0
2014/3/8,豐原,RAINFALL,NR,NR,NR,NR,NR,NR,NR,NR,NR,NR,NR,NR,NR,NR,NR,NR,NR,0.8,0.6,2.4,1.2,2,NR,NR
2014/3/8,豐原,RH,86,87,87,85,89,87,85,87,88,87,88,90,88,85,85,86,86,86,87,89,88,89,88,87
2014/3/8,豐原,SO2,2.2,2.1,1.8,2.4,2.2,1.5,1.8,2.7,2.8,3.1,4,3.8,1.8,1.6,1.7,2.8,1.7,1.5,1.5,1.5,1.4,1.5,1.5,1.4
2014/3/8,豐原,THC,2.1,2.1,2,2,2,1.9,2,2.2,2.1,2.1,2,1.9,1.9,1.9,1.9,1.9,1.9,1.9,1.9,1.9,1.8,1.9,1.9,1.9
2014/3/8,豐原,WD_HR,34,12,122,310,1.7,91,149,226,320,312,313,310,327,314,329,65,66,66,67,34,80,48,76,64
2014/3/8,豐原,WIND_DIREC,318,76,169,307,61,99,195,252,337,313,307,327,308,313,295,81,59,70,318,58,65,77,64,55
2014/3/8,豐原,WIND_SPEED,1.8,1.3,1.5,3,1.3,2.7,2,1.8,1,2.2,2.4,1.6,2.9,2.2,2.6,1.6,2.4,2.2,1.9,3,1.6,2,2.2,2.7
2014/3/8,豐原,WS_HR,0.3,0.4,0.3,1.3,0.9,2,0.5,2,1.1,1.5,2.3,1.7,0.9,0.7,0.6,0.6,1.6,1.4,1.2,1,1.9,0.5,1.2,1.6
2014/3/9,豐原,AMB_TEMP,14,13,13,13,12,12,13,12,12,14,14,14,15,15,15,15,15,14,13,13,13,13,13,13
2014/3/9,豐原,CH4,1.8,1.8,1.8,1.8,1.7,1.7,1.7,1.8,1.8,1.8,1.8,1.8,1.8,1.8,1.8,1.8,1.8,1.8,1.8,1.8,1.8,1.7,1.8,1.8
2014/3/9,豐原,CO,0.41,0.34,0.3,0.25,0.2,0.21,0.23,0.27,0.28,0.28,0.28,0.28,0.27,0.28,0.29,0.31,0.33,0.34,0.35,0.32,0.27,0.28,0.27,0.26
2014/3/9,豐原,NMHC,0.06,0.06,0.04,0.04,0.04,0.04,0.04,0.05,0.04,0.05,0.05,0.05,0.04,0.05,0.05,0.06,0.07,0.07,0.07,0.05,0.04,0.04,0.04,0.03
2014/3/9,豐原,NO,0.9,0.8,0.9,0.4,0.7,0.9,0.8,1,1,1.4,1.6,1.5,1.4,1.4,1.4,1.5,1.5,1.1,1,0.9,0.9,0.9,0.8,0.8
2014/3/9,豐原,NO2,6.4,6,4.9,4.1,3.9,4.4,5,5.9,6,5.8,5.6,6,5.5,5.7,6.4,6.8,7.8,8.5,9.9,7.9,5.6,5.5,5.8,4.6
2014/3/9,豐原,NOx,7.2,6.8,5.8,4.4,4.7,5.3,5.8,6.9,6.9,7.2,7.1,7.5,6.9,7,7.7,8.4,9.3,9.6,11,8.8,6.5,6.4,6.6,5.4
2014/3/9,豐原,O3,36,36,38,38,37,36,38,39,39,40,39,39,41,39,38,37,36,35,33,34,36,34,33,33
2014/3/9,豐原,PM10,9,21,15,12,3,4,6,5,9,9,14,15,16,11,12,9,17,16,24,19,19,16,14,10
2014/3/9,豐原,PM2.5,4,4,6,1,1,0,0,0,0,0,0,1,9,15,13,8,6,11,14,19,14,10,6,10
2014/3/9,豐原,RAINFALL,NR,NR,NR,NR,NR,NR,NR,NR,NR,NR,NR,NR,NR,NR,NR,NR,NR,NR,NR,NR,NR,NR,NR,NR
2014/3/9,豐原,RH,87,87,86,87,88,86,85,86,85,78,77,75,72,71,72,72,74,76,78,78,78,77,78,77
2014/3/9,豐原,SO2,1.5,1.2,1.2,1.2,1.1,1.2,1.2,1.4,1.4,1.3,1.4,1.6,1.6,1.5,1.4,1.5,1.4,1.4,1.5,1.4,1.3,1.4,1.3,1.3
2014/3/9,豐原,THC,1.8,1.8,1.8,1.8,1.8,1.8,1.8,1.8,1.8,1.8,1.8,1.8,1.8,1.8,1.8,1.8,1.8,1.8,1.8,1.8,1.8,1.8,1.8,1.8
2014/3/9,豐原,WD_HR,67,70,69,70,61,60,65,75,77,70,108,79,41,59,345,319,23,60,69,67,58,61,56,59
2014/3/9,豐原,WIND_DIREC,94,57,75,61,61,52,64,75,70,66,80,85,309,71,72,359,340,62,67,54,60,77,63,36
2014/3/9,豐原,WIND_SPEED,2.8,2.6,3.4,2.2,2.4,3,1.9,3.2,3.1,2.4,3.3,3,2.7,2.6,2.4,1.7,1.9,2,1.5,2.7,2.6,1.9,1.6,1
2014/3/9,豐原,WS_HR,1.9,1.1,1.9,1.2,1.3,2.1,1.7,1.7,1.6,2,0.8,1,0.8,0.4,0.5,0.5,0.2,0.6,0.6,1.3,2.1,1.2,1.4,1.1
2014/3/10,豐原,AMB_TEMP,14,14,13,13,13,14,14,15,16,16,17,18,19,19,18,18,18,17,18,17,17,17,17,16
2014/3/10,豐原,CH4,1.8,1.8,1.8,1.8,1.8,1.8,1.8,1.8,1.9,1.9,1.9,1.8,1.8,1.8,1.8,1.9,1.9,1.9,1.9,1.9,1.9,1.9,1.9,2
2014/3/10,豐原,CO,0.26,0.28,0.27,0.26,0.26,0.3,0.43,0.85,0.96,0.9,0.86,0.45,0.41,0.53,0.63,0.73,0.77,0.83,0.72,0.85,1.05,0.81,0.92,0.87
2014/3/10,豐原,NMHC,0.04,0.08,0.06,0.05,0.07,0.09,0.12,0.26,0.45,0.59,0.8,0.14,0.15,0.39,0.37,0.48,0.46,0.44,0.44,0.58,0.72,0.4,0.56,0.52
2014/3/10,豐原,NO,0.8,0.8,0.8,0.8,0.7,0.7,3,17,23,23,18,2.6,2,1.5,3.4,2.5,2.4,1.7,1.9,1.5,3.3,1.6,3.1,2.6
2014/3/10,豐原,NO2,4.4,6,6,6,5.5,7,12,16,21,25,26,7.8,7.8,17,37,38,42,40,29,32,44,28,36,44
2014/3/10,豐原,NOx,5.1,6.8,6.7,6.8,6.1,7.7,15,33,43,49,44,10,9.8,18,40,40,44,42,31,34,48,29,39,47
2014/3/10,豐原,O3,30,25,22,21,17,11,6.9,3.1,3.8,4.3,10,30,40,45,29,33,31,28,26,18,5.5,18,6.2,2.7
2014/3/10,豐原,PM10,12,10,15,10,16,17,21,24,32,41,57,57,62,65,81,112,136,155,137,140,132,130,128,124
2014/3/10,豐原,PM2.5,9,4,4,7,7,4,1,14,24,31,31,31,33,36,51,70,86,86,74,70,77,85,78,68
2014/3/10,豐原,RAINFALL,NR,NR,NR,0.4,0.2,NR,NR,NR,NR,NR,NR,NR,NR,NR,NR,NR,NR,NR,NR,NR,NR,NR,NR,NR
2014/3/10,豐原,RH,77,79,84,89,91,91,91,90,88,86,83,75,71,69,72,71,72,75,74,75,78,77,78,80
2014/3/10,豐原,SO2,1.3,1.1,1,1.7,1,1,1.1,1.9,3.5,5,5.2,2.7,3.2,4.8,7.2,7.3,7.6,6.5,4.6,5.2,4.7,3.7,5.6,6.6
2014/3/10,豐原,THC,1.8,1.9,1.8,1.8,1.8,1.9,1.9,2.1,2.3,2.5,2.7,1.9,1.9,2.2,2.2,2.3,2.3,2.3,2.3,2.5,2.7,2.3,2.5,2.5
2014/3/10,豐原,WD_HR,37,274,294,317,42,68,31,9.4,224,207,202,189,195,210,309,267,292,228,193,202,98,162,226,335
2014/3/10,豐原,WIND_DIREC,340,337,284,39,329,48,322,294,231,212,187,192,205,267,289,291,300,167,203,193,104,208,313,268
2014/3/10,豐原,WIND_SPEED,0.7,0.9,1.1,0.9,0.5,0.9,0.7,0.8,1.4,2.9,3,3.8,3.5,2.2,0.8,1.6,1.6,2.3,1.9,1.6,1.3,1.5,1.8,0.5
2014/3/10,豐原,WS_HR,0.6,0.3,0.7,0.7,0.4,0.5,0.3,0.2,1.5,2.4,2.7,3.6,3.6,2.8,1.1,1,1.2,0.3,2.2,1.5,0.5,1.2,1.4,0.2
2014/3/11,豐原,AMB_TEMP,16,16,16,16,16,17,16,17,18,18,20,19,20,19,18,17,17,17,17,18,17,17,16,16
2014/3/11,豐原,CH4,2,1.9,1.8,1.8,1.8,1.8,1.8,1.8,1.9,1.8,1.8,1.8,1.8,1.8,1.8,1.7,1.8,1.8,1.8,1.8,1.8,1.9,1.9,1.8
2014/3/11,豐原,CO,0.93,0.81,0.51,0.45,0.41,0.43,0.57,0.87,1.15,0.71,0.75,0.55,0.51,0.45,0.38,0.39,0.49,0.66,0.54,0.43,0.42,0.64,0.59,0.56
2014/3/11,豐原,NMHC,0.52,0.47,0.18,0.16,0.11,0.11,0.17,0.25,0.44,0.3,0.33,0.26,0.21,0.18,0.15,0.16,0.25,0.34,0.29,0.1,0.09,0.28,0.38,0.27
2014/3/11,豐原,NO,9,6.7,0.6,1.1,1.1,1.1,3.2,9.2,12,13,9.1,7.8,4,2.6,2.4,3,2.5,2.8,1.3,1.1,1.5,3.6,2.9,3.1
2014/3/11,豐原,NO2,41,33,11,8.7,6.5,8.5,15,20,28,24,28,26,20,18,17,25,25,31,21,12,9.3,24,28,28
2014/3/11,豐原,NOx,50,40,11,9.9,7.5,9.6,18,30,41,38,37,34,24,20,19,28,28,34,22,13,11,28,31,31
2014/3/11,豐原,O3,1.2,4.7,23,25,23,23,14,9.7,12,15,30,30,48,53,48,38,34,24,25,30,33,8.5,2.5,2.5
2014/3/11,豐原,PM10,136,119,108,90,79,50,37,36,47,61,98,108,122,102,111,112,130,146,140,116,72,70,82,106
2014/3/11,豐原,PM2.5,62,63,64,61,57,43,34,26,26,36,53,54,59,61,69,66,66,73,71,60,44,45,44,49
2014/3/11,豐原,RAINFALL,NR,NR,NR,NR,NR,NR,NR,NR,NR,NR,NR,NR,NR,NR,NR,NR,0.2,NR,0.2,NR,NR,NR,NR,NR
2014/3/11,豐原,RH,83,87,86,86,86,86,86,85,81,79,68,75,72,74,81,84,85,87,89,86,83,88,92,94
2014/3/11,豐原,SO2,5,3.1,1.9,1.8,1.5,1.6,1.7,2.1,3.9,6.1,8,6.5,5.2,4.3,3.7,6.1,4.5,4,2.5,2.2,1.8,2,2,2.2
2014/3/11,豐原,THC,2.5,2.4,2,2,1.9,1.9,2,2,2.3,2.1,2.2,2.1,2,2,1.9,1.9,2,2.1,2.1,1.9,1.8,2.1,2.2,2.1
2014/3/11,豐原,WD_HR,149,69,105,102,101,77,109,106,264,292,294,313,298,302,313,321,310,322,56,82,101,264,340,265
2014/3/11,豐原,WIND_DIREC,172,100,66,118,58,126,124,122,307,221,310,308,294,310,316,319,313,45,92,97,113,219,323,294
2014/3/11,豐原,WIND_SPEED,1,1.6,1.4,2.4,0.8,0.8,1.6,1,1.6,1.2,2.8,1.7,1.9,2.7,2.2,1.2,1.6,1,1.9,1.1,1.8,0.6,1,0.9
2014/3/11,豐原,WS_HR,0.7,0.7,1.6,1.2,1.1,0.4,0.9,0.7,1.2,0.6,1.5,2.1,1.5,2.3,2.4,0.9,0.9,1,0.6,1.3,1.3,0.8,0.5,0.6
2014/3/12,豐原,AMB_TEMP,16,16,16,16,16,16,17,17,17,18,19,19,21,23,24,24,23,19,19,19,-3.1,-8,-7.2,-6.8
2014/3/12,豐原,CH4,1.8,1.8,1.9,1.9,1.9,1.9,1.9,1.9,2,2,1.9,1.8,1.8,1.8,1.8,1.9,1.9,1.9,1.9,1.9,1.9,1.9,1.8,1.7
2014/3/12,豐原,CO,0.53,0.43,0.44,0.45,0.46,0.49,0.63,1.13,1.21,0.97,0.93,0.71,0.66,0.54,0.67,0.82,1.23,0.81,0.74,0.87,0.85,0.73,0.56,0.35
2014/3/12,豐原,NMHC,0.28,0.17,0.27,0.22,0.24,0.24,0.27,0.48,0.58,0.53,0.63,0.42,0.38,0.29,0.52,0.71,0.84,0.4,0.41,0.38,0.42,0.24,0.16,0.06
2014/3/12,豐原,NO,2,1.5,1.3,1.6,6.4,6.2,10,25,31,21,7.7,2.4,2.1,1.5,1.8,2.1,1.7,6.7,8.1,4.8,4.7,1.3,0.9,0.5
2014/3/12,豐原,NO2,25,16,14,17,20,20,19,21,27,26,31,19,13,11,18,26,44,46,46,46,35,28,13,5.7
2014/3/12,豐原,NOx,27,17,15,19,27,26,29,47,58,47,39,21,15,13,20,28,46,53,54,51,40,30,13,6.2
2014/3/12,豐原,O3,3.2,9.3,7.9,3.6,0.8,1.4,3.6,2.6,1.8,9.5,21,37,43,46,45,57,40,1.8,3.2,4.7,8.6,23,35,39
2014/3/12,豐原,PM10,114,111,109,98,93,85,86,92,105,117,110,106,93,83,83,93,135,157,173,165,153,113,66,32
2014/3/12,豐原,PM2.5,46,46,37,28,32,42,42,49,57,80,93,75,54,28,31,47,69,97,98,94,85,68,49,16
2014/3/12,豐原,RAINFALL,NR,NR,NR,NR,NR,NR,NR,NR,NR,NR,NR,NR,NR,NR,NR,NR,NR,0,1.8,0.8,10,1,0.6,0.2
2014/3/12,豐原,RH,95,95,96,96,97,97,95,94,94,91,81,77,71,66,65,65,67,85,89,90,92,93,91,86
2014/3/12,豐原,SO2,2.2,1.8,1.9,2.3,4.5,4.5,4.8,10,4.2,4.9,5.8,5.6,6.2,4.1,6.9,6.3,8.8,7.6,11,8.4,4.4,3.3,2.3,2.1
2014/3/12,豐原,THC,2.1,2,2.1,2.1,2.2,2.2,2.2,2.4,2.6,2.5,2.5,2.3,2.2,2.1,2.3,2.6,2.8,2.3,2.3,2.2,2.3,2.1,2,1.8
2014/3/12,豐原,WD_HR,28,237,332,340,349,68,173,215,341,195,211,191,192,188,202,212,235,301,26,94,300,107,133,147
2014/3/12,豐原,WIND_DIREC,337,150,305,46,225,79,202,294,12,207,202,196,182,195,199,230,189,303,0.8,141,124,110,169,143
2014/3/12,豐原,WIND_SPEED,1.1,1,1.3,1.1,0.8,0.9,2.9,1.2,0.9,3,2.4,1.5,2.3,3.2,3.8,2.4,1,1.9,0.9,1.5,1.8,2.3,1.7,3.1
2014/3/12,豐原,WS_HR,0.2,0.2,0.3,0.5,0.2,0.1,1.3,1.5,0.7,0.9,2.7,2,2.8,3.1,3.3,2.7,1.2,1,0.6,0.7,0.5,2.1,2.3,3
2014/3/13,豐原,AMB_TEMP,-6.5,-7.1,-7.4,-8.1,-8.3,-8.4,-9.3,-10.6,-11.2,-12.1,0,0,0,0,-12.3,18,17,17,17,17,17,17,16,16
2014/3/13,豐原,CH4,1.7,1.7,1.8,1.7,1.7,1.7,1.8,1.8,1.8,1.8,1.8,1.8,1.8,1.8,1.8,1.8,1.8,1.8,1.8,1.8,1.8,1.8,1.8,1.8
2014/3/13,豐原,CO,0.31,0.31,0.43,0.3,0.32,0.36,0.63,0.6,0.49,0.46,0.44,0.54,0.54,0.53,0.48,0.48,0.49,0.52,0.52,0.5,0.57,0.58,0.52,0.53
2014/3/13,豐原,NMHC,0.05,0.04,0.17,0.03,0.04,0.08,0.24,0.19,0.16,0.14,0.12,0.23,0.23,0.22,0.18,0.14,0.16,0.12,0.1,0.08,0.24,0.26,0.19,0.26
2014/3/13,豐原,NO,0.5,0.5,1,1.8,1.5,1.8,4.4,2.9,3.2,2.9,3.6,4.1,4,5.1,4.1,3,2.8,1.9,2,1.7,1.8,1.7,1.8,1.6
2014/3/13,豐原,NO2,4.8,4.4,11,2.9,3.6,6.5,20,18,17,12,8.7,12,12,14,12,10,10,10,9.2,6.8,10,12,7.8,9.6
2014/3/13,豐原,NOx,5.4,4.9,12,4.7,5.1,8.2,24,21,20,15,12,16,16,19,16,13,13,12,11,8.5,12,14,9.6,11
2014/3/13,豐原,O3,36,30,28,40,35,30,11,18,21,21,27,20,19,20,26,29,31,31,34,37,34,34,37,31
2014/3/13,豐原,PM10,30,31,25,12,17,29,46,39,30,17,19,13,18,11,20,14,20,13,13,10,9,18,16,27
2014/3/13,豐原,PM2.5,6,5,18,19,14,7,7,13,7,5,3,4,7,6,6,3,1,0,0,0,5,10,10,8
2014/3/13,豐原,RAINFALL,NR,NR,3,2.4,NR,NR,6.4,4.2,2.6,0.6,NR,NR,NR,NR,NR,NR,NR,NR,NR,NR,NR,NR,NR,NR
2014/3/13,豐原,RH,82,87,87,89,90,89,92,95,96,95,88,85,86,86,85,80,77,76,70,65,63,64,67,70
2014/3/13,豐原,SO2,2,1.9,2.5,1.8,1.9,2,2.6,3.1,3.6,2.5,2.2,2.5,2.3,2.1,2,1.9,1.9,1.9,1.8,1.8,2,2.2,2.1,2.4
2014/3/13,豐原,THC,1.8,1.8,2,1.7,1.7,1.8,2.1,2,1.9,1.9,1.9,2,2,2,2,1.9,1.9,1.9,1.9,1.9,2,2.1,2,2.1
2014/3/13,豐原,WD_HR,168,155,187,140,157,179,252,342,306,54,61,314,311,341,44,59,61,56,58,63,19,321,343,356
2014/3/13,豐原,WIND_DIREC,171,178,173,159,170,174,24,313,305,60,68,311,66,55,53,65,68,59,56,61,326,49,327,8.8
2014/3/13,豐原,WIND_SPEED,1.2,2.8,2.7,1.2,3,0.9,1.6,2.2,3.3,1.6,2.2,2.3,1.5,1.6,3.4,2.8,2.7,2.8,2.3,1.7,1,1,0.7,0.7
2014/3/13,豐原,WS_HR,2,1.5,1.9,1.5,1.7,0.8,0.6,0.7,1.6,1.5,1.5,1.3,0.7,0.4,1.2,2.4,2.1,2.8,1.7,2.3,0.5,0.3,0.4,0.6
2014/3/14,豐原,AMB_TEMP,15,15,14,14,14,14,14,15,15,17,18,19,19,19,18,18,17,16,15,15,15,15,15,14
2014/3/14,豐原,CH4,1.8,1.8,1.8,1.8,1.8,1.8,1.8,1.8,1.8,1.8,1.8,1.8,1.8,1.8,1.8,1.8,1.8,1.8,1.8,1.8,1.8,1.8,1.8,1.8
2014/3/14,豐原,CO,0.48,0.46,0.45,0.44,0.44,0.47,0.54,0.59,0.48,0.46,0.46,0.45,0.44,0.44,0.45,0.46,0.48,0.53,0.46,0.47,0.47,0.44,0.48,0.45
2014/3/14,豐原,NMHC,0.13,0.17,0.12,0.16,0.14,0.08,0.24,0.12,0.07,0.11,0.13,0.14,0.11,0.1,0.13,0.17,0.17,0.17,0.13,0.14,0.18,0.12,0.22,0.2
2014/3/14,豐原,NO,1.8,1.7,1.7,0.9,0.9,1,0.7,1.7,1.3,1.4,1.5,1.3,1.4,1.2,1.2,1.6,1.3,1.1,1.2,1.2,1,1.1,1.4,0.7
2014/3/14,豐原,NO2,9,6,5.2,4.3,4.9,5.2,10,12,5.2,6,6.3,5.9,5.6,6.6,9.4,9.8,13,16,14,13,11,9.9,13,14
2014/3/14,豐原,NOx,11,7.7,7,5.2,5.7,6.2,11,13,6.6,7.3,7.8,7.2,7,7.8,11,11,15,17,15,14,12,11,14,15
2014/3/14,豐原,O3,40,39,43,45,42,43,36,39,45,44,49,54,59,65,66,65,57,51,50,47,46,45,37,33
2014/3/14,豐原,PM10,34,48,50,45,47,46,56,67,73,68,69,78,77,64,65,73,85,87,91,95,91,83,70,67
2014/3/14,豐原,PM2.5,7,19,23,34,34,41,39,40,48,47,44,34,40,42,48,39,37,28,36,41,36,24,19,34
2014/3/14,豐原,RAINFALL,NR,NR,NR,NR,NR,NR,NR,NR,NR,NR,NR,NR,NR,NR,NR,NR,NR,NR,NR,NR,NR,NR,NR,NR
2014/3/14,豐原,RH,68,71,70,70,70,65,64,58,55,53,48,45,45,45,47,47,51,55,57,57,56,56,56,59
2014/3/14,豐原,SO2,3.2,1.8,1.8,1.9,1.8,1.9,2,2.2,2.2,2.6,3,3.7,3.7,3.7,4.3,4.3,4.3,4.1,4,3.5,3.2,2.9,3.2,3.4
2014/3/14,豐原,THC,1.9,2,1.9,1.9,1.9,1.9,2,1.9,1.9,1.9,1.9,1.9,1.9,1.9,1.9,1.9,2,1.9,1.9,1.9,2,1.9,2,2
2014/3/14,豐原,WD_HR,330,351,9.9,333,60,59,43,64,57,70,11,9.3,341,87,84,91,41,70,63,66,58,76,301,278
2014/3/14,豐原,WIND_DIREC,57,330,54,52,65,55,37,53,56,312,336,102,96,88,81,183,75,57,58,54,57,78,315,64
2014/3/14,豐原,WIND_SPEED,1.8,1.4,1.2,1.3,1.2,1.2,1,2.8,3.1,2.2,2.6,3.1,3.6,3.1,3.3,2.5,2.1,2.2,1.8,1.7,1.7,2.4,1.2,0.7
2014/3/14,豐原,WS_HR,0.7,0.5,0.4,0.4,0.5,0.8,0.4,1.2,3.1,0.7,0.5,0.2,0.5,0.8,1.6,0.2,0.2,0.7,1.5,1.2,1.1,1.4,0.4,0.3
2014/3/15,豐原,AMB_TEMP,14,14,14,15,16,17,16,16,18,19,20,22,22,22,22,18,18,17,17,17,17,17,17,17
2014/3/15,豐原,CH4,1.8,1.8,1.8,1.8,1.9,1.8,1.8,1.8,1.9,1.9,1.9,1.8,1.8,1.8,1.8,1.8,1.8,1.8,1.8,1.8,1.8,1.8,1.9,1.9
2014/3/15,豐原,CO,0.5,0.47,0.52,0.52,0.64,0.5,0.67,0.76,1.17,1.18,1.25,3.16,0.93,0.62,0.57,0.55,0.53,0.6,0.64,0.71,0.52,0.46,0.67,0.83
2014/3/15,豐原,NMHC,0.17,0.14,0.22,0.24,0.31,0.14,0.26,0.29,0.47,0.59,0.45,0.37,0.21,0.2,0.22,0.22,0.24,0.26,0.29,0.33,0.17,0.13,0.25,0.34
2014/3/15,豐原,NO,1.1,0.9,1,0.9,1.8,1.6,2.2,2.6,7.6,5.2,4.2,3.3,2.1,1.6,1.7,2.2,1.9,1.7,1.5,1.4,1.2,1.3,1.5,1.6
2014/3/15,豐原,NO2,13,10,12,12,20,10,16,16,32,31,25,19,13,14,18,25,25,27,28,28,14,12,24,30
2014/3/15,豐原,NOx,14,11,13,13,22,12,18,18,39,36,29,23,15,16,20,28,27,29,29,29,15,13,26,31
2014/3/15,豐原,O3,24,21,18,20,24,48,37,37,28,41,50,65,70,79,73,57,51,47,39,27,36,37,24,14
2014/3/15,豐原,PM10,65,60,57,60,79,96,113,123,136,155,165,169,141,120,100,114,115,118,105,107,92,79,73,80
2014/3/15,豐原,PM2.5,36,37,37,40,47,48,62,72,76,78,70,62,49,47,52,62,59,59,61,68,69,57,49,45
2014/3/15,豐原,RAINFALL,NR,NR,NR,NR,NR,NR,NR,NR,NR,NR,NR,NR,NR,NR,NR,NR,NR,NR,NR,NR,NR,NR,NR,NR
2014/3/15,豐原,RH,67,73,72,73,71,72,75,73,66,63,61,53,47,48,45,68,68,69,69,70,63,59,72,70
2014/3/15,豐原,SO2,2.5,1.8,2.1,2,6.8,4.1,4.4,4.2,5.9,6.9,7.2,8.7,6.7,7.4,5.2,6.7,6.3,5.9,5.3,4.2,2.4,2.5,2.7,4.3
2014/3/15,豐原,THC,2,1.9,2.1,2.1,2.2,1.9,2.1,2.1,2.4,2.5,2.3,2.2,2,2,2.1,2.1,2,2.1,2.1,2.2,2,1.9,2.2,2.3
2014/3/15,豐原,WD_HR,126,119,88,112,204,186,193,187,216,208,209,208,213,208,248,307,299,309,65,99,114,132,9.1,232
2014/3/15,豐原,WIND_DIREC,120,135,57,161,197,193,196,198,225,206,216,208,218,190,308,309,273,312,10,121,115,157,115,76
2014/3/15,豐原,WIND_SPEED,1.3,1.1,1.5,1.1,2,2.7,1.7,1.6,3,3.9,4.2,4.2,3.1,3.4,3.2,1.3,0.8,1.3,0.6,1.6,1.9,0.8,0.8,1.1
2014/3/15,豐原,WS_HR,1,1.2,0.7,0.7,1.9,2.5,1.8,1.9,1.7,3.2,3.9,4,3.7,2.9,2.3,1.3,1.6,1.3,0.6,0.8,1.4,1.3,0.2,0.1
2014/3/16,豐原,AMB_TEMP,17,16,16,16,16,16,16,16,17,17,17,18,19,20,19,21,20,18,18,18,18,17,17,17
2014/3/16,豐原,CH4,1.9,1.9,1.8,1.8,1.8,1.8,1.9,1.9,1.9,1.9,2,2,1.9,1.8,1.8,1.8,1.8,1.8,1.8,1.8,1.8,1.8,1.8,1.8
2014/3/16,豐原,CO,0.75,0.9,0.65,0.49,0.56,0.57,0.66,0.96,1.06,1.04,0.99,0.93,0.79,0.6,0.58,0.55,0.55,0.49,0.53,0.63,0.55,0.47,0.44,0.43
2014/3/16,豐原,NMHC,0.39,0.38,0.23,0.15,0.27,0.21,0.24,0.36,0.38,0.38,0.37,0.33,0.26,0.14,0.15,0.12,0.12,0.11,0.13,0.16,0.14,0.11,0.09,0.09
2014/3/16,豐原,NO,1.4,1.6,1.5,1,1.1,1.5,1.8,7.2,7.4,9.2,13,13,11,6.8,5.6,7.5,3.7,2,1.4,1.4,1.3,1.4,1.2,1.3
2014/3/16,豐原,NO2,29,34,23,11,15,16,22,28,30,27,36,39,35,29,29,28,25,20,22,26,19,14,10,8.9
2014/3/16,豐原,NOx,31,35,24,12,16,17,24,35,37,36,49,52,47,36,34,35,28,22,23,27,21,15,11,10
2014/3/16,豐原,O3,12,10,22,31,24,21,13,5,9.5,17,15,16,27,30,30,34,35,48,43,27,24,26,27,29
2014/3/16,豐原,PM10,97,92,82,69,56,61,62,77,85,105,120,136,137,129,111,101,98,103,99,94,86,80,77,70
2014/3/16,豐原,PM2.5,58,54,52,43,39,27,27,36,56,62,65,62,70,67,67,62,61,60,54,61,61,61,47,45
2014/3/16,豐原,RAINFALL,NR,NR,NR,NR,NR,NR,NR,NR,0.4,NR,NR,NR,NR,NR,NR,NR,NR,NR,NR,NR,NR,NR,NR,NR
2014/3/16,豐原,RH,76,69,66,64,68,71,72,74,72,76,76,74,66,56,65,61,65,63,64,68,74,77,77,76
2014/3/16,豐原,SO2,3.5,3,2.2,2.1,2.2,2,3.4,3.6,5.8,3.4,6.3,6.8,8.1,9.1,8.8,10,7.8,5.7,4.9,4.3,2.7,2.1,2,1.9
2014/3/16,豐原,THC,2.3,2.3,2.1,2,2.1,2,2.1,2.3,2.3,2.3,2.3,2.3,2.2,2,2,1.9,1.9,1.9,1.9,2,1.9,1.9,1.9,1.9
2014/3/16,豐原,WD_HR,87,119,120,112,100,118,266,201,224,118,303,297,296,302,322,307,308,309,290,90,98,114,116,111
2014/3/16,豐原,WIND_DIREC,115,116,119,61,119,112,294,189,303,296,261,292,287,313,35,302,299,314,291,62,115,120,113,95
2014/3/16,豐原,WIND_SPEED,2.1,1.8,1.6,0.7,1.8,1.1,0.8,1.4,1,0.9,0.9,1.6,2.5,2.4,1.3,2.2,2.6,1.4,0.9,1.1,0.7,2.6,2.1,1.7
2014/3/16,豐原,WS_HR,0.7,1.8,1.6,1,1.1,0.4,0.3,0.3,0.8,0.3,0.9,0.9,1.2,1.7,1.2,1.4,2.3,1.8,0.9,0.9,1.1,1.6,2.4,1.9
2014/3/17,豐原,AMB_TEMP,18,17,16,16,16,15,16,17,20,22,23,23,24,25,26,25,25,25,22,20,20,19,19,19
2014/3/17,豐原,CH4,1.8,1.8,1.8,1.8,1.8,1.8,1.8,1.8,1.8,1.8,1.8,1.8,1.9,1.9,1.8,1.8,1.8,1.8,1.8,1.8,1.8,1.8,1.8,1.8
2014/3/17,豐原,CO,0.38,0.35,0.36,0.42,0.47,0.49,0.61,0.72,1.05,0.65,0.62,0.79,0.9,0.77,0.65,0.6,0.71,0.99,0.87,0.72,0.69,0.58,0.52,0.42
2014/3/17,豐原,NMHC,0.07,0.06,0.04,0.04,0.04,0.06,0.09,0.14,0.31,0.23,0.27,0.31,0.36,0.36,0.3,0.31,0.36,0.55,0.47,0.34,0.3,0.19,0.14,0.09
2014/3/17,豐原,NO,1.2,1.1,1.2,2.1,1.9,2.1,2.6,3.9,16,4,3.1,2.9,3.3,3.2,2.5,2.3,3.3,5.5,2.7,2.3,2.1,2,1.9,2
2014/3/17,豐原,NO2,8,8.5,11,12,11,11,13,15,28,18,17,24,31,25,18,18,26,40,37,28,21,15,11,7.5
2014/3/17,豐原,NOx,9.2,9.6,12,14,13,13,15,19,44,22,20,27,34,28,21,20,29,45,39,30,23,17,13,9.4
2014/3/17,豐原,O3,31,30,31,27,27,22,18,19,22,46,58,67,73,86,86,75,71,53,30,26,26,32,34,37
2014/3/17,豐原,PM10,55,41,30,33,28,37,44,59,75,83,87,89,105,110,115,97,108,104,112,97,95,86,83,64
2014/3/17,豐原,PM2.5,27,16,8,15,21,27,25,34,34,45,55,61,70,76,71,56,43,51,51,52,45,48,40,34
2014/3/17,豐原,RAINFALL,NR,NR,NR,NR,NR,NR,NR,NR,NR,NR,NR,NR,NR,NR,NR,NR,NR,NR,NR,NR,NR,NR,NR,NR
2014/3/17,豐原,RH,75,77,77,78,77,78,80,76,67,57,55,55,55,52,50,51,52,55,66,75,76,77,78,79
2014/3/17,豐原,SO2,2,2.1,2.8,3.7,4.1,4.4,3.9,4.7,6.5,5.9,4.2,4.3,4.8,4.4,4,4.5,6.2,6.5,6,3.9,2.6,2.3,2.2,2
2014/3/17,豐原,THC,1.9,1.8,1.8,1.8,1.8,1.8,1.9,1.9,2.1,2,2.1,2.2,2.3,2.2,2.1,2.1,2.2,2.4,2.3,2.2,2.1,2,1.9,1.9
2014/3/17,豐原,WD_HR,143,112,117,116,117,104,116,109,286,239,218,218,213,214,210,221,233,235,124,116,105,104,104,105
2014/3/17,豐原,WIND_DIREC,146,117,117,112,116,110,111,101,245,247,208,170,231,211,213,237,222,243,119,115,114,101,118,103
2014/3/17,豐原,WIND_SPEED,0.9,2.3,2.3,2.3,2,2.5,2.6,1.1,1.3,1,2.4,2,2.1,2.6,3.2,3.1,2.2,2.1,2.2,2.6,2.2,2.4,2.2,2.4
2014/3/17,豐原,WS_HR,0.9,1.8,2.4,2.6,2.5,2,2.5,1.7,0.2,0.9,1.7,1.2,1.2,1.6,2.7,2.9,2.2,1.8,0.5,2.7,2.1,2.4,2.3,2.1
2014/3/18,豐原,AMB_TEMP,18,19,19,18,18,18,18,19,21,24,25,26,25,25,25,25,24,24,23,23,23,22,21,22
2014/3/18,豐原,CH4,1.8,1.8,1.7,1.7,1.7,1.7,1.7,1.8,1.8,1.8,1.8,1.8,1.8,1.7,1.7,1.8,1.7,1.8,1.8,1.8,1.8,1.7,1.7,1.7
2014/3/18,豐原,CO,0.36,0.35,0.34,0.34,0.33,0.36,0.44,0.8,1.14,0.95,1.13,1.08,0.59,0.39,0.4,0.4,0.39,0.48,0.49,0.49,0.61,0.51,0.44,0.39
2014/3/18,豐原,NMHC,0.06,0.06,0.05,0.06,0.06,0.07,0.09,0.21,0.41,0.32,0.32,0.3,0.11,0.08,0.13,0.11,0.13,0.18,0.12,0.14,0.3,0.16,0.11,0.07
2014/3/18,豐原,NO,1.8,1.7,1.8,0.8,0.7,0.8,1.2,8,17,3.9,5.1,5.6,4.1,1.4,1.2,1.1,1,0.8,1.2,0.8,1.2,1,1,0.7
2014/3/18,豐原,NO2,5.8,5.2,4.9,4.5,4.5,5.3,8.1,16,29,25,34,39,19,7.6,7.4,7.8,8.9,12,12,12,17,11,10,6.2
2014/3/18,豐原,NOx,7.6,6.9,6.7,5.3,5.3,6.1,9.3,24,45,29,39,45,23,9,8.6,8.9,9.9,13,13,13,18,12,11,6.9
2014/3/18,豐原,O3,36,40,39,35,32,30,26,18,13,47,36,27,45,53,53,56,51,45,41,37,28,32,29,36
2014/3/18,豐原,PM10,61,50,52,41,34,31,35,45,53,69,76,76,87,62,80,74,89,70,68,65,78,73,68,55
2014/3/18,豐原,PM2.5,26,25,21,16,19,18,16,4,13,29,49,49,57,51,44,42,48,50,44,40,45,44,43,34
2014/3/18,豐原,RAINFALL,NR,NR,NR,NR,NR,NR,NR,NR,NR,NR,NR,0,NR,NR,NR,NR,NR,NR,NR,NR,NR,NR,NR,NR
2014/3/18,豐原,RH,80,80,79,80,81,81,81,79,71,59,56,54,58,60,59,60,63,68,69,70,72,73,76,73
2014/3/18,豐原,SO2,1.8,1.7,1.6,1.4,1.4,1.4,1.4,1.7,2.5,7.4,11,11,9.6,4.1,4.2,3.9,3.8,4,3.1,3,4.3,2.3,2,1.8
2014/3/18,豐原,THC,1.8,1.8,1.8,1.8,1.8,1.8,1.8,2,2.2,2.1,2.1,2.1,1.9,1.8,1.9,1.9,1.9,1.9,1.9,1.9,2.1,1.9,1.8,1.8
2014/3/18,豐原,WD_HR,109,94,99,105,99,106,98,78,357,262,268,292,297,297,296,303,342,39,87,96,112,109,109,106
2014/3/18,豐原,WIND_DIREC,111,99,104,113,101,102,94,110,275,270,267,307,284,286,308,306,9.2,44,101,11,115,38,116,83
2014/3/18,豐原,WIND_SPEED,1.8,2.3,2.2,2.2,2.1,2,2,1.4,1,1.6,2.4,3,2.6,2.5,2.3,1.8,1.3,1,2.1,0.8,2.4,1.3,1.8,2.9
2014/3/18,豐原,WS_HR,2.1,2.1,2.1,1.9,2,2,2,1.1,0.4,0.9,1.5,1.8,2.6,2.6,2.3,1.7,0.8,0.7,1.6,1.5,0.7,1,1.6,2
2014/3/19,豐原,AMB_TEMP,22,21,20,20,21,21,21,22,24,25,27,28,29,29,29,29,28,26,24,24,24,24,24,24
2014/3/19,豐原,CH4,1.8,1.8,1.8,1.8,1.9,1.8,1.8,1.8,1.9,1.8,1.8,1.8,1.8,1.8,1.7,1.7,1.7,1.8,1.8,1.8,1.8,1.9,1.8,1.8
2014/3/19,豐原,CO,0.43,0.42,0.42,0.44,0.71,0.68,0.7,1.11,1.47,1.04,0.64,0.61,0.69,0.55,0.51,0.47,0.54,0.69,0.7,0.75,0.74,0.72,0.5,0.41
2014/3/19,豐原,NMHC,0.12,0.11,0.11,0.14,0.28,0.26,0.22,0.35,0.56,0.39,0.26,0.29,0.8,0.9,0.22,0.27,0.31,0.3,0.28,0.45,0.68,0.5,0.31,0.18
2014/3/19,豐原,NO,0.9,0.5,1,0.9,1,1,1.4,12,12,3.1,1.1,0.8,1,0.8,0.8,0.9,1,1.4,1,0.9,1.1,1.1,0.6,0.7
2014/3/19,豐原,NO2,9.3,8.7,8.2,9.4,18,16,13,21,32,25,13,14,16,12,13,12,14,22,17,20,20,19,15,12
2014/3/19,豐原,NOx,10,9.1,9.2,10,19,17,14,33,44,28,14,14,17,13,14,13,15,24,18,21,21,20,16,12
2014/3/19,豐原,O3,29,23,17,17,9.7,13,16,9.2,13,30,52,63,73,72,57,51,48,40,45,31,30,32,20,18
2014/3/19,豐原,PM10,52,58,58,69,68,75,76,80,93,107,121,126,114,109,95,98,88,85,96,105,131,144,140,120
2014/3/19,豐原,PM2.5,40,44,46,44,43,51,53,50,51,57,71,64,62,51,52,47,53,59,73,74,83,82,70,51
2014/3/19,豐原,RAINFALL,NR,NR,NR,NR,NR,NR,NR,NR,NR,NR,NR,NR,NR,NR,NR,NR,NR,NR,NR,NR,NR,NR,NR,NR
2014/3/19,豐原,RH,73,78,80,82,82,81,81,79,71,64,53,49,48,48,51,50,54,68,75,76,76,76,76,79
2014/3/19,豐原,SO2,1.9,1.9,2.1,2,2.2,2.2,2.2,2.6,4.1,4.1,3.1,2.9,3.8,5.5,4.4,3.8,4.8,5.1,5.3,4.7,4.9,5.2,4.2,3.1
2014/3/19,豐原,THC,1.9,1.9,1.9,1.9,2.1,2.1,2,2.2,2.4,2.2,2,2.1,2.6,2.7,2,2,2,2,2,2.2,2.5,2.4,2.1,2
2014/3/19,豐原,WD_HR,85,133,116,117,118,109,113,96,280,298,208,221,229,236,245,229,247,294,279,184,200,200,205,197
2014/3/19,豐原,WIND_DIREC,58,121,135,102,120,107,78,51,339,136,199,228,233,269,225,237,237,298,207,190,196,201,201,198
2014/3/19,豐原,WIND_SPEED,0.8,2.1,1,1,1.8,1.2,1.2,0.8,1,1,2.8,3,3.6,3.5,4,3.6,3.7,1.9,1.7,2.5,2.6,2.9,2.8,2.2
2014/3/19,豐原,WS_HR,0.7,1.3,1.4,1.5,1.5,1.7,1.7,0.9,0.6,0.2,1.5,2.4,2.8,2.5,2.7,3.4,3.4,2,1.4,2,2.7,3,2.6,2.3
2014/3/20,豐原,AMB_TEMP,23,23,21,21,21,21,21,22,24,24,24,24,24,23,22,21,18,17,16,15,15,14,13,13
2014/3/20,豐原,CH4,1.8,1.8,1.7,1.7,1.7,1.7,1.8,1.7,1.7,1.8,1.8,1.7,1.7,1.8,1.8,1.8,1.8,1.8,1.8,1.8,1.8,1.8,1.8,1.8
2014/3/20,豐原,CO,0.35,0.33,0.39,0.39,0.39,0.39,0.42,0.4,0.49,0.43,0.38,0.34,0.39,0.45,0.49,0.48,0.44,0.46,0.52,0.5,0.49,0.42,0.47,0.49
2014/3/20,豐原,NMHC,0.1,0.09,0.15,0.15,0.15,0.15,0.15,0.11,0.2,0.2,0.19,0.15,0.1,0.16,0.21,0.18,0.24,0.22,0.24,0.24,0.24,0.16,0.19,0.19
2014/3/20,豐原,NO,0.7,0.6,1,1,1,1,1.2,0.8,3.3,2.7,2.3,1.6,2.4,2,1.9,1.7,1.8,1.9,1.7,1.8,1.3,0.9,0.8,0.6
2014/3/20,豐原,NO2,8.9,6.8,10,10,10,10,15,7.8,15,14,11,8.4,10,11,13,12,12,11,11,10,10,8.7,8.1,8.3
2014/3/20,豐原,NOx,9.6,7.5,11,11,11,11,16,8.6,18,17,14,10,13,13,15,14,14,13,13,12,11,9.6,8.9,8.9
2014/3/20,豐原,O3,19,25,5.5,5.5,5.5,5.5,10,21,19,20,24,28,29,29,27,28,26,19,17,18,19,23,24,23
2014/3/20,豐原,PM10,89,77,80,80,80,80,83,73,74,82,83,71,43,48,51,51,49,49,58,48,45,44,54,50
2014/3/20,豐原,PM2.5,23,22,51,51,51,51,50,40,46,47,50,45,32,21,21,27,31,31,31,31,34,27,34,32
2014/3/20,豐原,RAINFALL,NR,NR,NR,NR,NR,NR,NR,NR,NR,NR,NR,NR,NR,NR,NR,NR,NR,NR,NR,NR,NR,NR,NR,NR
2014/3/20,豐原,RH,80,80,79,79,79,79,78,72,65,70,70,69,66,68,67,67,72,75,76,75,74,73,74,74
2014/3/20,豐原,SO2,2.8,2.7,2.7,2.7,2.7,2.7,2.6,2.4,2.8,3.3,2.6,2.1,2.2,2.3,2.5,2.2,2.1,2.3,2.3,2.3,2.4,2.3,2.4,2.5
2014/3/20,豐原,THC,1.9,1.9,1.9,1.9,1.9,1.9,1.9,1.8,1.9,2,1.9,1.9,1.8,1.9,2,2,2,2,2,2.1,2.1,2,2,2
2014/3/20,豐原,WD_HR,195,183,62,62,62,62,73,96,68,332,313,315,2.4,306,318,71,102,64,77,81,69,64,75,65
2014/3/20,豐原,WIND_DIREC,194,188,51,51,51,51,107,101,58,322,316,312,69,306,79,285,73,84,65,78,68,60,94,53
2014/3/20,豐原,WIND_SPEED,2.5,3.5,1.3,1.3,1.3,1.3,2.6,2.4,1.7,1.8,3.2,4,2.6,3.7,2.9,3.1,3.7,3.8,4.3,2.6,2.5,4.2,3.5,4.3
2014/3/20,豐原,WS_HR,2.2,2.6,0.5,0.5,0.5,0.5,1.5,2,0.9,1,1.7,2.5,0.5,2.4,1.2,0.6,1,3.5,1.7,1.6,1.7,3.1,2.4,2.4
2014/4/1,豐原,AMB_TEMP,19,18,17,17,18,18,18,19,19,19,19,20,21,22,22,22,20,19,19,19,19,19,19,19
2014/4/1,豐原,CH4,1.7,1.7,1.7,1.7,1.7,1.7,1.7,1.7,1.7,1.7,1.7,1.6,1.6,1.6,1.6,1.7,1.7,1.7,1.7,1.7,1.7,1.7,1.7,1.7
2014/4/1,豐原,CO,0.42,0.42,0.42,0.4,0.4,0.39,0.4,0.43,0.4,0.38,0.39,0.38,0.4,0.37,0.35,0.42,0.42,0.46,0.39,0.41,0.38,0.35,0.35,0.36
2014/4/1,豐原,NMHC,0.05,0.04,0.05,0.04,0.06,0.06,0.05,0.06,0.06,0.09,0.15,0.08,0.12,0.07,0.08,0.14,0.16,0.14,0.09,0.13,0.1,0.06,0.07,0.09
2014/4/1,豐原,NO,0.8,0.7,0.9,0.4,0.6,0.5,0.3,0.5,0.9,1,1,1,1.2,1,0.6,1.3,0.9,0.3,0.3,0.2,0.3,0,0,0.1
2014/4/1,豐原,NO2,11,7.4,8.8,5.9,5.8,8.6,6.6,7.3,7.1,7,7.8,6.1,10,7.3,6.7,16,15,14,10,12,9.8,8.5,7.6,9
2014/4/1,豐原,NOx,12,8.1,9.7,6.3,6.4,9.1,6.8,7.8,8,8,8.8,7.1,11,8.3,7.3,17,16,14,10,12,10,8.5,7.6,9.1
2014/4/1,豐原,O3,40,46,40,43,35,32,35,32,38,40,35,35,35,44,48,38,30,31,32,28,30,35,37,26
2014/4/1,豐原,PM10,60,49,35,33,27,32,18,21,17,30,0,22,24,21,32,37,44,40,37,27,28,19,15,8
2014/4/1,豐原,PM2.5,38,27,24,18,13,15,12,11,5,6,-1,16,18,24,21,20,16,17,21,27,22,22,14,15
2014/4/1,豐原,RAINFALL,NR,NR,NR,NR,NR,NR,NR,NR,NR,NR,NR,NR,NR,NR,NR,NR,NR,NR,NR,NR,NR,NR,NR,NR
2014/4/1,豐原,RH,96,97,97,97,98,97,96,93,88,84,84,82,79,75,72,73,81,82,84,83,82,79,76,80
2014/4/1,豐原,SO2,5.8,2.2,3.3,1.8,1.7,2.2,1.6,1.6,1.6,1.8,2,1.9,2.3,1.9,2.1,4.4,2.9,1.9,1.7,1.7,1.7,1.6,1.6,1.9
2014/4/1,豐原,THC,1.8,1.8,1.7,1.7,1.7,1.7,1.7,1.7,1.7,1.7,1.8,1.7,1.8,1.7,1.7,1.8,1.8,1.8,1.7,1.8,1.8,1.7,1.7,1.8
2014/4/1,豐原,WD_HR,310,313,315,337,357,325,64,55,45,321,40,63,326,52,45,326,27,61,63,69,78,87,54,52
2014/4/1,豐原,WIND_DIREC,308,308,320,294,300,349,55,51,75,11,55,53,310,31,65,313,42,57,93,84,66,102,53,43
2014/4/1,豐原,WIND_SPEED,1.7,2.2,2,0.7,1.5,1.2,1.8,2.1,1.9,1.9,1.8,1.6,1.6,1.9,1.9,2.9,1.7,2.5,3.1,2.8,2.6,1.8,1.7,1.1
2014/4/1,豐原,WS_HR,1.5,1.5,1.2,0.6,0.5,0.6,0.4,1.4,0.8,1.2,0.5,1.4,0.7,0.9,0.9,1.3,0.2,0.9,2,1.5,1.8,1.4,0.9,1.1
2014/4/2,豐原,AMB_TEMP,19,19,19,19,19,18,19,19,20,22,22,22,21,20,21,21,21,20,20,20,20,20,19,18
2014/4/2,豐原,CH4,1.7,1.7,1.7,1.7,1.7,1.7,1.7,1.7,1.7,1.7,1.7,1.7,1.7,1.7,1.6,1.7,1.7,1.7,1.7,1.7,1.7,1.7,1.7,1.9
2014/4/2,豐原,CO,0.36,0.33,0.32,0.32,0.33,0.36,0.47,0.62,0.44,0.35,0.37,0.42,0.54,0.5,0.45,0.57,0.46,0.45,0.53,0.57,0.39,0.48,0.47,0.57
2014/4/2,豐原,NMHC,0.09,0.06,0.07,0.06,0.05,0.09,0.12,0.17,0.11,0.12,0.15,0.17,0.4,0.18,0.14,0.34,0.21,0.17,0.23,0.22,0.1,0.15,0.13,0.28
2014/4/2,豐原,NO,0.1,0.2,0.3,0.9,1,1,2.1,5.9,4.1,1.8,1.7,2.3,2.1,2.4,1.5,3.3,3.3,3,1.3,1.7,1.1,1.3,1.4,2.8
2014/4/2,豐原,NO2,8.9,6,7.1,4.7,4.5,8.3,13,18,11,7.4,8.5,16,19,14,9.8,20,24,20,22,18,11,13,11,27
2014/4/2,豐原,NOx,9,6.2,7.4,5.5,5.4,9.3,15,24,16,9.3,10,18,21,16,11,24,27,23,23,20,12,14,13,30
2014/4/2,豐原,O3,28,33,29,31,37,25,20,14,23,39,41,37,37,42,46,38,35,31,21,19,31,24,13,3
2014/4/2,豐原,PM10,11,8,7,7,7,12,7,17,15,27,34,47,40,30,22,27,32,42,57,60,54,50,55,68
2014/4/2,豐原,PM2.5,17,16,11,3,0,0,1,1,1,0,8,15,26,24,29,33,38,41,36,41,33,37,31,39
2014/4/2,豐原,RAINFALL,NR,NR,NR,NR,NR,NR,NR,NR,NR,NR,NR,NR,NR,NR,0.4,NR,NR,NR,NR,NR,NR,NR,NR,0.2
2014/4/2,豐原,RH,78,75,78,76,72,78,78,76,73,65,64,65,69,77,79,81,81,82,83,85,83,82,86,87
2014/4/2,豐原,SO2,2,1.6,1.6,1.4,1.4,1.3,1.5,3.7,2.1,2,2,4.3,3.7,1.9,1.8,2.7,5,3.1,1.9,1.8,1.6,1.5,1.6,3.2
2014/4/2,豐原,THC,1.8,1.7,1.7,1.7,1.7,1.8,1.8,1.9,1.8,1.8,1.8,1.9,2.1,1.9,1.8,2.1,1.9,1.9,1.9,1.9,1.8,1.8,1.8,2.2
2014/4/2,豐原,WD_HR,51,25,54,68,94,16,123,306,299,314,316,297,212,154,174,309,311,38,53,88,98,116,121,251
2014/4/2,豐原,WIND_DIREC,77,342,55,106,156,88,198,299,308,319,311,290,193,125,334,313,306,89,60,65,96,324,175,212
2014/4/2,豐原,WIND_SPEED,1.7,1.4,1.5,0.7,0.9,0.8,1,1.2,1.9,2.3,2.2,2.9,3.9,1.3,1.9,2.3,2.3,2.3,0.5,1.7,2,0.9,0.8,1.7
2014/4/2,豐原,WS_HR,0.6,0.5,0.4,0.7,1.3,0.2,0.5,1,1,2,1.3,2.2,2.2,2.5,0.9,1.7,1.4,0.8,0.7,0.6,2.2,0.6,0.8,1.1
2014/4/3,豐原,AMB_TEMP,18,20,21,20,19,18,19,19,20,21,22,23,23,23,22,22,22,21,20,20,20,20,20,20
2014/4/3,豐原,CH4,1.8,1.7,1.6,1.7,1.7,1.7,1.7,1.7,1.7,1.7,1.7,1.7,1.7,1.7,1.7,1.7,1.7,1.7,1.6,1.6,1.6,1.6,1.6,1.6
2014/4/3,豐原,CO,0.6,0.49,0.37,0.39,0.39,0.43,0.51,0.69,0.56,0.69,0.75,0.8,5.23,1.06,0.69,0.46,0.46,0.48,0.4,0.33,0.32,0.32,0.35,0.34
2014/4/3,豐原,NMHC,0.35,0.19,0.09,0.13,0.1,0.14,0.14,0.25,0.21,0.45,0.45,0.44,0.34,0.36,0.37,0.27,0.24,0.22,0.17,0.11,0.08,0.1,0.13,0.05
2014/4/3,豐原,NO,2.7,1.2,1.2,1,0.9,0.8,1.5,4.3,3.2,6.3,5.1,2.7,2.4,1.9,2.8,3,3.2,2.8,1.1,1.2,1.2,1.1,1,0.8
2014/4/3,豐原,NO2,30,15,4.8,8.6,7.6,13,12,16,17,20,24,20,16,18,23,21,25,27,15,10,8.2,7.5,9.1,4
2014/4/3,豐原,NOx,33,17,5.9,9.6,8.6,13,13,20,20,27,29,23,18,20,26,24,28,30,16,12,9.4,8.6,10,4.8
2014/4/3,豐原,O3,3.1,29,49,38,32,21,20,18,19,23,36,50,55,56,43,45,39,21,37,38,38,37,34,52
2014/4/3,豐原,PM10,73,64,46,23,20,23,25,32,41,48,56,55,61,61,86,93,93,73,64,60,58,48,42,23
2014/4/3,豐原,PM2.5,50,45,29,4,0,13,24,28,27,28,37,37,42,38,49,54,66,68,56,46,32,36,33,22
2014/4/3,豐原,RAINFALL,1,0.6,NR,NR,NR,NR,NR,NR,NR,NR,NR,NR,NR,NR,NR,NR,NR,NR,NR,NR,NR,NR,NR,NR
2014/4/3,豐原,RH,89,83,73,78,83,87,86,83,82,80,74,69,67,67,75,79,78,82,82,83,82,81,81,73
2014/4/3,豐原,SO2,4.6,1.7,1.5,1.5,1.2,1.5,1.2,2,2,3,3.7,4.9,5.3,4.9,4.5,3.9,6.1,6.4,2,1.4,1.3,1.2,1.3,1.1
2014/4/3,豐原,THC,2.2,1.9,1.7,1.8,1.7,1.8,1.8,1.9,1.9,2.2,2.2,2.1,2,2,2.1,2,1.9,1.9,1.8,1.7,1.7,1.7,1.8,1.7
2014/4/3,豐原,WD_HR,148,130,172,13,342,46,99,182,141,222,220,213,210,210,267,319,311,312,8.6,63,65,59,56,56
2014/4/3,豐原,WIND_DIREC,120,166,52,56,306,85,133,172,192,234,210,207,217,214,317,327,317,318,70,60,73,53,56,60
2014/4/3,豐原,WIND_SPEED,2.8,2.4,2.2,1.5,1.4,1.1,1.3,1.7,1.6,1.6,3.8,3.6,3.1,3.5,2.5,1.6,2.1,2.3,1.6,2,2,1.2,3.6,2.3
2014/4/3,豐原,WS_HR,1.3,3.5,1.1,0.2,0.4,0.3,1.5,1.1,0.9,1.6,2.5,3.3,2.8,3.3,1.8,1.4,2.2,1.8,0.4,1.1,1.1,1.3,1.5,2.8
2014/4/4,豐原,AMB_TEMP,20,20,21,20,20,19,19,19,20,20,21,22,22,22,22,23,22,21,20,20,20,19,19,19
2014/4/4,豐原,CH4,1.6,1.6,1.7,1.7,1.7,1.7,1.7,1.7,1.7,1.6,1.6,1.6,1.6,1.6,1.6,1.7,1.7,1.7,1.7,1.7,1.7,1.7,1.7,1.7
2014/4/4,豐原,CO,0.36,0.37,0.34,0.32,0.33,0.3,0.32,0.34,0.33,0.27,0.27,0.28,0.29,0.29,0.3,0.32,0.35,0.41,0.41,0.42,0.46,0.52,0.51,0.47
2014/4/4,豐原,NMHC,0.04,0.04,0.04,0.04,0.1,0.11,0.11,0.1,0.07,0.16,0.11,0.06,0.05,0.06,0.07,0.08,0.12,0.13,0.09,0.12,0.14,0.14,0.12,0.12
2014/4/4,豐原,NO,0.8,1,1,0.9,0.6,0.4,0.5,0.4,1.1,0.7,0.5,0.6,0.8,0.8,0.6,0.3,0.6,0.6,0.4,0.4,0.5,0.6,0.5,0.5
2014/4/4,豐原,NO2,3.6,3.2,3.3,2.3,3.4,6,6.8,6.9,7.7,6.1,6.3,5,3.9,4.4,5.5,5.3,5.8,9.7,9.8,10,12,13,13,10
2014/4/4,豐原,NOx,4.4,4.2,4.2,3.2,4,6.4,7.3,7.4,8.8,6.8,6.8,5.6,4.7,5.2,6,5.7,6.4,10,10,10,13,14,13,11
2014/4/4,豐原,O3,52,49,51,52,47,43,42,40,40,44,45,49,54,57,57,62,64,57,54,50,41,32,28,31
2014/4/4,豐原,PM10,27,26,25,24,15,26,30,34,31,31,26,42,45,60,51,52,49,59,63,78,72,77,79,72
2014/4/4,豐原,PM2.5,9,3,8,20,19,23,16,19,19,23,18,14,6,21,28,39,30,31,39,52,49,33,24,24
2014/4/4,豐原,RAINFALL,NR,NR,NR,NR,NR,NR,NR,NR,NR,NR,NR,NR,NR,NR,NR,NR,NR,NR,NR,NR,NR,NR,NR,NR
2014/4/4,豐原,RH,69,66,60,59,61,63,62,62,58,59,59,57,56,57,56,55,55,58,61,62,67,74,78,79
2014/4/4,豐原,SO2,1.1,1.3,1.2,1.2,1.3,1.3,1.2,1.2,1.2,1.7,1.6,1.6,1.7,1.7,1.8,2,2.2,2.2,2.1,1.8,1.7,1.5,1.5,1.7
2014/4/4,豐原,THC,1.7,1.7,1.7,1.7,1.8,1.8,1.8,1.8,1.7,1.8,1.7,1.7,1.7,1.7,1.7,1.7,1.8,1.8,1.8,1.8,1.8,1.8,1.8,1.8
2014/4/4,豐原,WD_HR,66,65,63,69,348,325,20,357,87,317,36,58,1.1,69,56,75,39,32,79,88,100,116,112,114
2014/4/4,豐原,WIND_DIREC,59,78,49,63,317,18,73,347,81,318,68,55,305,68,50,85,60,81,100,112,64,113,115,118
2014/4/4,豐原,WIND_SPEED,2.9,2.1,1.6,3.4,1.1,0.8,1.6,1.8,2.3,2.3,2.4,2.6,3.2,1.8,2.7,2.6,1.7,1.9,3.1,1,0.7,1.4,1.6,2.8
2014/4/4,豐原,WS_HR,2.8,2.4,2.3,3.9,0.7,1.1,0.4,0.3,0.9,2,0.7,1.7,0.5,0.9,1.3,1,0.2,0.2,2,1,0.8,1.3,1.5,2.2
2014/4/5,豐原,AMB_TEMP,18,18,17,17,17,17,17,19,21,23,24,24,25,25,25,25,25,23,22,21,21,20,19,18
2014/4/5,豐原,CH4,1.7,1.8,1.7,1.7,1.7,1.7,1.7,1.7,1.7,1.6,1.7,1.7,1.7,1.7,1.7,1.7,1.7,1.7,1.7,1.7,1.7,1.7,1.7,1.7
2014/4/5,豐原,CO,0.45,0.46,0.46,0.48,0.43,0.46,0.59,0.83,0.56,0.43,0.51,0.51,0.48,0.37,0.32,0.32,0.32,0.35,0.42,0.44,0.33,0.37,0.42,0.36
2014/4/5,豐原,NMHC,0.17,0.19,0.17,0.15,0.11,0.14,0.15,0.25,0.15,0.09,0.13,0.12,0.09,0.06,0.06,0.07,0.08,0.08,0.09,0.1,0.05,0.08,0.1,0.07
2014/4/5,豐原,NO,0.4,0.6,0.8,1.9,1.7,1.7,2.1,8.1,3.6,2,2.1,1.9,1.8,1.9,2.3,2.8,2.5,1.5,1.5,1.6,1.5,1.7,1.7,1.6
2014/4/5,豐原,NO2,9.3,18,16,10,8.3,8.1,9.5,18,12,7.4,8.4,9,9.9,6.7,8.2,15,9.5,7,10,12,6.8,9.4,11,8.4
2014/4/5,豐原,NOx,9.7,19,17,12,10,9.9,12,26,16,9.4,10,11,12,8.5,10,18,12,8.5,12,14,8.3,11,13,10
2014/4/5,豐原,O3,32,15,12,15,20,22,22,13,46,65,77,83,89,85,79,67,71,77,67,63,71,54,41,42
2014/4/5,豐原,PM10,68,63,63,65,69,79,78,71,67,64,73,82,89,80,74,59,53,57,64,67,68,75,74,53
2014/4/5,豐原,PM2.5,29,36,39,41,41,40,42,46,54,59,57,60,64,66,58,44,35,36,37,45,44,47,42,41
2014/4/5,豐原,RAINFALL,NR,NR,NR,NR,NR,NR,NR,NR,NR,NR,NR,NR,NR,NR,NR,NR,NR,NR,NR,NR,NR,NR,NR,NR
2014/4/5,豐原,RH,79,81,83,85,87,87,87,83,70,62,58,56,52,49,47,48,44,47,54,59,59,67,69,71
2014/4/5,豐原,SO2,1.8,3.7,2.4,1.7,1.6,1.6,1.7,1.9,2.9,3.2,3.6,4.7,4.9,4.1,4.6,10,5.8,3.5,3.2,3,3.1,2.4,2.1,1.9
2014/4/5,豐原,THC,1.9,1.9,1.9,1.9,1.8,1.9,1.8,2,1.8,1.7,1.8,1.8,1.8,1.7,1.7,1.7,1.7,1.7,1.8,1.8,1.7,1.8,1.8,1.7
2014/4/5,豐原,WD_HR,114,320,113,113,111,105,108,51,327,307,263,291,306,309,310,312,312,0.2,59,64,71,91,128,98
2014/4/5,豐原,WIND_DIREC,95,61,121,106,103,97,98,40,323,273,284,332,309,306,311,313,309,61,62,88,78,97,114,97
2014/4/5,豐原,WIND_SPEED,0.8,0.9,2.3,2.2,2,2.2,1.7,0.8,1.3,1.6,2.2,2.1,2.2,3.7,3.8,3.6,3,1.9,1.1,2,2.5,1.4,1.3,2.3
2014/4/5,豐原,WS_HR,2,0.6,1.5,2.2,2,1.8,1.8,0.7,0.6,0.4,1.3,1.6,1.6,3,3.3,2.6,1.3,0.4,0.8,1.2,2.2,1.4,0.4,1.8
2014/4/6,豐原,AMB_TEMP,18,18,18,17,18,18,18,19,21,23,24,25,25,25,25,26,25,24,23,22,22,22,21,21
2014/4/6,豐原,CH4,1.7,1.7,1.7,1.7,1.7,1.7,1.8,1.8,1.8,1.7,1.7,1.7,1.8,1.8,1.8,1.8,1.7,1.7,1.8,1.8,1.8,1.8,2,1.8
2014/4/6,豐原,CO,0.32,0.3,0.32,0.29,0.3,0.36,0.57,0.57,0.6,0.55,0.58,0.55,0.52,0.51,0.5,0.49,0.48,0.52,0.56,0.64,0.61,0.62,0.6,0.64
2014/4/6,豐原,NMHC,0.06,0.05,0.08,0.06,0.07,0.1,0.19,0.18,0.18,0.14,0.15,0.12,0.12,0.11,0.09,0.09,0.09,0.12,0.16,0.19,0.17,0.16,0.19,0.18
2014/4/6,豐原,NO,1.7,1.8,1.7,1.4,1.4,1.6,2.6,2.6,3.6,2.6,2,1.7,1.7,1.8,1.4,1.7,1.7,1.5,1.6,1.5,1.6,1.5,1.6,1.5
2014/4/6,豐原,NO2,7.3,6.1,6.1,7.1,8.8,12,17,17,17,13,13,11,12,12,12,12,14,21,22,25,22,19,28,19
2014/4/6,豐原,NOx,9,7.9,7.8,8.5,10,13,20,19,21,16,15,13,14,13,13,13,16,23,24,27,23,20,30,20
2014/4/6,豐原,O3,39,39,33,32,26,23,20,20,32,56,73,83,81,94,94,98,88,63,49,30,32,36,22,24
2014/4/6,豐原,PM10,41,38,45,49,40,36,26,30,44,77,98,104,98,102,109,106,101,95,97,94,90,95,95,99
2014/4/6,豐原,PM2.5,41,38,31,22,21,19,16,22,29,41,49,61,72,71,72,62,68,61,57,48,54,61,62,58
2014/4/6,豐原,RAINFALL,NR,NR,NR,NR,NR,NR,NR,NR,NR,NR,NR,NR,NR,NR,NR,NR,NR,NR,NR,NR,NR,NR,NR,NR
2014/4/6,豐原,RH,72,73,72,72,71,69,68,69,62,58,54,51,53,52,51,51,53,58,62,70,72,71,72,76
2014/4/6,豐原,SO2,1.7,1.3,1.3,1.2,1.1,1.2,1.7,1.4,2.1,4.1,4.8,4.4,4,4.8,5.3,5.6,5.8,7.5,5.3,3.6,2.9,2.8,2.8,2.3
2014/4/6,豐原,THC,1.7,1.7,1.8,1.7,1.8,1.8,1.9,2,1.9,1.8,1.9,1.9,1.9,1.9,1.9,1.8,1.8,1.9,1.9,2,2,2,2.2,2
2014/4/6,豐原,WD_HR,108,106,84,83,41,126,152,46,212,215,217,227,285,300,286,308,309,310,291,123,116,119,321,122
2014/4/6,豐原,WIND_DIREC,102,99,81,79,14,213,110,324,209,219,219,239,294,307,294,306,310,280,116,113,113,287,91,167
2014/4/6,豐原,WIND_SPEED,2.1,1.6,1.1,1.6,1.1,1,1.1,0.5,2.9,3.1,3.1,2.9,2.6,3.2,1.9,1.8,1.9,1.1,0.9,1.4,1.7,0.9,1.3,0.9
2014/4/6,豐原,WS_HR,2,1.8,1,1.4,0.5,0.4,0.6,0.4,1.3,3.1,3.2,2.7,2.2,2.5,1.9,1.3,1.8,1.8,1.1,1.3,1.3,0.8,0.4,0.6
2014/4/7,豐原,AMB_TEMP,21,19,19,19,19,19,19,18,18,18,19,20,20,19,20,20,20,20,19,19,19,19,19,19
2014/4/7,豐原,CH4,2,1.9,1.8,1.7,1.7,1.8,1.7,1.7,1.6,1.6,1.6,1.6,1.6,1.6,1.6,1.6,1.6,1.6,1.7,1.6,1.6,1.6,1.7,1.7
2014/4/7,豐原,CO,0.62,0.54,0.46,0.4,0.43,0.48,0.42,0.43,0.37,0.29,0.3,0.37,0.33,0.32,0.33,0.32,0.33,0.48,0.46,0.39,0.43,0.38,0.36,0.35
2014/4/7,豐原,NMHC,0.21,0.17,0.12,0.09,0.1,0.14,0.1,0.08,0.06,0.03,0.04,0.15,0.11,0.11,0.18,0.14,0.09,0.22,0.24,0.12,0.14,0.1,0.11,0.1
2014/4/7,豐原,NO,1.5,1.6,1.7,1.1,1.4,1.3,1.1,1.1,1.3,1.2,1.1,1.9,2.1,2,1.7,1.6,1.5,1.6,1.2,1.3,1.3,1.2,1.2,1.1
2014/4/7,豐原,NO2,27,23,18,11,10,14,11,10,6.8,5,6.7,12,8.1,15,14,8.9,6.5,22,20,16,14,12,13,11
2014/4/7,豐原,NOx,29,25,20,13,11,15,13,11,8,6.2,7.8,14,10,17,15,11,8,24,21,17,15,13,15,12
2014/4/7,豐原,O3,17,18,26,29,22,16,29,36,53,58,57,49,52,41,40,44,48,28,27,28,27,27,28,26
2014/4/7,豐原,PM10,95,90,86,70,73,78,85,76,57,37,27,17,18,19,16,21,12,18,28,41,45,40,37,32
2014/4/7,豐原,PM2.5,57,57,60,57,52,54,53,51,45,35,21,6,0,5,14,16,14,4,8,14,16,14,11,11
2014/4/7,豐原,RAINFALL,0.2,0.6,NR,NR,NR,NR,0.6,0.2,1.6,1,0.2,NR,NR,NR,NR,0.4,NR,NR,NR,0.2,1,NR,NR,NR
2014/4/7,豐原,RH,77,82,83,84,85,85,84,84,84,85,83,82,78,85,86,82,80,85,88,89,88,89,91,91
2014/4/7,豐原,SO2,2.6,3.6,2.9,2.1,1.7,1.5,1.5,1.1,1,0.9,1,1.1,1.2,2.1,1.2,1.2,1.1,2.6,2.1,1.2,1.1,1.6,1.6,1.3
2014/4/7,豐原,THC,2.2,2.1,1.9,1.8,1.8,1.9,1.8,1.8,1.7,1.6,1.6,1.7,1.7,1.7,1.8,1.7,1.7,1.9,1.9,1.8,1.8,1.7,1.8,1.8
2014/4/7,豐原,WD_HR,297,290,1.8,84,91,353,332,68,72,68,74,58,45,314,55,68,51,345,319,91,359,332,334,355
2014/4/7,豐原,WIND_DIREC,324,307,80,60,97,325,356,83,63,60,89,68,314,299,65,58,322,326,316,77,62,291,330,19
2014/4/7,豐原,WIND_SPEED,0.6,0.8,1.4,1.1,1.2,1.8,1.4,2.6,2.5,2.4,1,1.2,2.6,1.4,2,2.5,2.8,1.4,1.8,1.4,1,2.1,1,0.6
2014/4/7,豐原,WS_HR,0.5,0.9,0.5,0.7,0.9,0.4,0.6,2.2,2.6,2.8,1.5,0.6,1.3,0.9,0.7,0.9,2.2,0.6,0.8,1.4,0.5,1,0.5,0.2
2014/4/8,豐原,AMB_TEMP,19,19,19,19,19,18,19,20,22,24,25,26,26,26,26,26,26,24,23,22,22,21,21,21
2014/4/8,豐原,CH4,1.7,1.7,1.7,1.6,1.6,1.7,1.7,1.7,1.7,1.6,0,0,1.6,1.6,1.6,1.6,1.6,1.6,1.6,1.6,1.6,1.6,1.6,1.6
2014/4/8,豐原,CO,0.35,0.37,0.36,0.27,0.3,0.37,0.46,0.76,0.72,0.49,0.44,0.41,0.37,0.32,0.32,0.3,0.32,0.41,0.42,0.45,0.47,0.44,0.34,0.33
2014/4/8,豐原,NMHC,0.13,0.14,0.11,0.04,0.05,0.09,0.12,0.21,0.21,0.23,0.1,0.1,0.1,0.13,0.11,0.19,0.17,0.17,0.21,0.22,0.22,0.2,0.14,0.15
2014/4/8,豐原,NO,1.4,1.4,1.1,1,0.8,1.1,2.3,7.3,11,5.2,3,3,2.6,1.8,2.3,2.3,1.8,2,1.2,1,1.3,1.2,1.3,1.4
2014/4/8,豐原,NO2,12,11,9,3.8,5,7.9,9.2,15,21,16,12,12,14,8.6,14,9.1,14,19,16,14,14,12,9.8,9.8
2014/4/8,豐原,NOx,14,13,10,4.8,5.8,9,11,23,32,21,15,15,17,10,16,11,15,21,17,15,15,14,11,11
2014/4/8,豐原,O3,23,16,14,35,27,13,11,10,12,28,39,55,63,69,61,61,58,50,50,40,31,25,26,22
2014/4/8,豐原,PM10,31,37,43,33,17,13,7,11,10,28,0,42,67,64,58,37,26,28,35,42,39,30,28,25
2014/4/8,豐原,PM2.5,15,9,13,6,9,8,7,8,13,13,-1,16,19,30,35,24,21,17,26,24,25,26,21,16
2014/4/8,豐原,RAINFALL,0.2,NR,0.2,NR,NR,NR,NR,NR,NR,NR,NR,NR,NR,NR,NR,NR,NR,NR,NR,NR,NR,NR,NR,NR
2014/4/8,豐原,RH,92,93,92,90,88,90,91,88,80,69,62,57,61,59,60,59,64,73,73,75,78,80,81,82
2014/4/8,豐原,SO2,1.7,1.8,1.7,1.7,1.5,1.6,1.6,1.8,1.9,2.3,3.3,3.5,4.2,3.5,5.9,4.3,5.2,6.6,3.3,2.5,2.2,2,1.9,2
2014/4/8,豐原,THC,1.8,1.8,1.8,1.7,1.7,1.8,1.8,1.9,1.9,1.9,0,0,1.7,1.7,1.7,1.7,1.8,1.8,1.8,1.8,1.8,1.8,1.7,1.7
2014/4/8,豐原,WD_HR,308,70,98,114,126,121,115,26,2.7,307,298,292,313,308,311,310,311,311,323,84,118,112,121,114
2014/4/8,豐原,WIND_DIREC,54,94,116,102,120,95,122,6.3,339,242,311,292,317,310,311,312,308,281,358,110,125,119,107,110
2014/4/8,豐原,WIND_SPEED,0.8,1.2,2,1.5,0.9,0.6,0.8,0.7,0.8,1.6,1.9,2.5,3.5,3.8,3.1,3.4,3.6,1.9,0.9,1.3,1.2,1.5,1.5,1.4
2014/4/8,豐原,WS_HR,0.3,0.6,0.8,2.4,0.7,0.5,0.9,0.1,0.3,0.3,1.4,1.5,3,3.3,3,2.9,2.9,1.1,0.9,0.8,1.3,1.3,1.4,1.3
2014/4/9,豐原,AMB_TEMP,21,21,21,21,22,21,21,23,24,25,27,27,28,27,27,27,26,24,23,23,23,22,22,21
2014/4/9,豐原,CH4,1.6,1.7,1.7,1.7,1.7,1.7,1.8,1.6,1.7,1.7,1.7,1.7,1.7,1.7,1.7,1.6,1.6,1.7,1.7,1.7,1.7,1.7,1.7,1.6
2014/4/9,豐原,CO,0.33,0.35,0.32,0.31,0.29,0.35,0.41,0.41,0.5,0.43,0.47,0.37,0.34,0.34,0.31,0.26,0.27,0.32,0.36,0.5,0.44,0.39,0.39,0.29
2014/4/9,豐原,NMHC,0.17,0.2,0.11,0.11,0.08,0.15,0.17,0.11,0.2,0.18,0.19,0.12,0.1,0.1,0.1,0.1,0.13,0.14,0.18,0.2,0.21,0.16,0.15,0.09
2014/4/9,豐原,NO,1.3,1.2,1.4,1.9,2.1,2.1,2.8,2.9,5.7,4.5,5.2,3.4,2.9,3,3.3,3,2.3,2.4,2.3,2.3,2.1,2.3,2.2,2
2014/4/9,豐原,NO2,8.5,11,8.3,8.1,5.6,11,16,9,16,14,21,12,9.5,11,14,8.3,8.1,12,14,14,15,13,12,8.6
2014/4/9,豐原,NOx,9.8,12,9.6,10,7.7,13,19,12,22,19,26,15,12,14,17,11,10,14,17,17,17,15,15,11
2014/4/9,豐原,O3,25,16,14,16,32,20,18,34,30,44,50,61,66,67,62,67,63,53,45,41,37,36,29,25
2014/4/9,豐原,PM10,24,19,23,30,44,46,54,53,55,57,57,65,57,64,71,80,80,63,54,52,60,50,44,30
2014/4/9,豐原,PM2.5,16,19,12,12,9,20,23,27,28,35,50,52,39,22,26,26,44,39,38,28,24,27,26,19
2014/4/9,豐原,RAINFALL,NR,NR,NR,NR,NR,NR,NR,NR,NR,NR,NR,NR,NR,NR,NR,NR,NR,NR,NR,NR,NR,NR,NR,NR
2014/4/9,豐原,RH,81,81,83,84,78,79,82,73,69,67,60,52,56,61,60,62,64,69,73,76,76,76,79,82
2014/4/9,豐原,SO2,2,1.2,1.3,1.3,1.6,1.5,2.8,1.5,3.2,3.7,6.1,4.4,3.8,4.4,5.1,2.8,2.2,2.2,2.3,3.4,2.3,1.8,1.5,1.3
2014/4/9,豐原,THC,1.8,1.9,1.8,1.8,1.7,1.8,1.9,1.8,1.9,1.9,1.9,1.8,1.8,1.8,1.8,1.7,1.8,1.8,1.9,1.9,1.9,1.8,1.8,1.7
2014/4/9,豐原,WD_HR,109,138,99,80,96,303,66,103,315,309,307,310,309,308,306,320,104,92,13,19,40,0.1,105,116
2014/4/9,豐原,WIND_DIREC,257,115,114,66,88,330,82,208,311,294,298,306,301,305,312,67,108,61,301,342,45,91,120,104
2014/4/9,豐原,WIND_SPEED,0.6,1.3,0.7,1.5,0.9,1.8,2.3,0.9,2.8,1.5,3.2,2.7,3.5,4,4.5,3.2,2.4,1.9,2,1.2,1.1,0.9,2.4,1.6
2014/4/9,豐原,WS_HR,0.7,0.2,0.7,1,1.7,0.4,1.1,1.6,1.3,1.2,2.5,2.6,3.1,3.1,2.8,0.9,0.8,0.6,0.6,0.5,0.6,0.4,1.4,1.6
2014/4/10,豐原,AMB_TEMP,21,21,20,20,19,19,20,22,24,25,26,28,30,30,30,29,27,26,25,23,22,22,22,22
2014/4/10,豐原,CH4,1.7,1.7,1.7,1.7,1.7,1.7,1.6,1.7,1.7,1.7,1.7,1.7,1.6,1.6,1.7,1.7,1.7,1.7,1.7,1.7,1.7,1.7,1.8,1.8
2014/4/10,豐原,CO,0.28,0.32,0.3,0.3,0.28,0.32,0.42,0.66,0.44,0.39,0.38,0.34,0.32,0.31,0.32,0.32,0.34,0.39,0.41,0.5,0.45,0.49,0.64,0.61
2014/4/10,豐原,NMHC,0.08,0.12,0.14,0.1,0.09,0.1,0.12,0.22,0.16,0.16,0.13,0.1,0.08,0.11,0.13,0.13,0.15,0.2,0.2,0.24,0.19,0.18,0.29,0.26
2014/4/10,豐原,NO,1.9,2.1,2.3,0.7,0.8,0.9,4.1,16,15,13,6.4,3.1,1,0.9,1.4,1.3,2.4,1.3,0.8,0.9,1,0.9,0.9,1
2014/4/10,豐原,NO2,7.9,7.8,13,9.1,8.7,9.6,12,19,20,23,19,11,5.8,7,12,11,22,14,19,21,19,18,21,20
2014/4/10,豐原,NOx,9.8,9.9,15,9.8,9.5,10,16,35,35,36,25,14,6.8,7.9,14,13,25,15,20,22,20,19,22,21
2014/4/10,豐原,O3,22,21,9.1,12,13,9.5,11,8.7,14,21,32,49,68,80,78,82,65,68,51,36,29,26,21,26
2014/4/10,豐原,PM10,27,27,30,40,36,34,27,31,35,41,32,40,45,46,43,48,70,77,83,82,78,66,54,57
2014/4/10,豐原,PM2.5,13,16,23,27,19,17,16,14,12,12,21,23,25,21,28,17,21,23,27,19,10,14,19,26
2014/4/10,豐原,RAINFALL,NR,NR,NR,NR,NR,NR,NR,NR,NR,NR,NR,NR,NR,NR,NR,NR,NR,NR,NR,NR,NR,NR,NR,NR
2014/4/10,豐原,RH,83,84,84,86,84,85,80,69,62,62,57,49,40,37,46,46,57,59,66,71,76,76,77,75
2014/4/10,豐原,SO2,1.2,1.5,1.5,1.4,1.4,1.3,1.4,1.8,9.1,10,6.8,4.8,2,2.6,5,5.1,8,4.1,4.6,3.2,2.1,2.1,2.4,2.5
2014/4/10,豐原,THC,1.7,1.8,1.8,1.8,1.7,1.8,1.8,1.9,1.8,1.9,1.8,1.8,1.7,1.8,1.8,1.8,1.8,1.9,1.9,2,1.9,1.9,2.1,2
2014/4/10,豐原,WD_HR,115,116,107,107,109,102,97,20,310,306,305,308,305,306,305,306,308,25,330,102,113,127,114,146
2014/4/10,豐原,WIND_DIREC,117,228,109,115,84,116,345,41,315,300,310,302,308,297,309,307,17,254,319,125,105,129,212,93
2014/4/10,豐原,WIND_SPEED,2.5,0.9,1.6,1.6,1,2.2,0.7,1.3,2.3,2.2,2.1,3.2,3.8,4.1,3.6,3.7,2.8,1.6,1.7,1.1,1.6,1.6,0.6,1.3
2014/4/10,豐原,WS_HR,1.9,1.1,0.5,1.6,1.3,1.3,0.6,0.6,1.7,1.3,2,2,2.2,2.4,2.1,2.2,2.3,0.1,0.9,0.7,1.5,1.6,0.6,0.6
2014/4/11,豐原,AMB_TEMP,21,21,20,20,20,20,20,21,22,24,25,26,27,27,27,27,26,25,24,22,22,21,20,21
2014/4/11,豐原,CH4,1.7,1.7,1.7,1.7,1.8,1.8,1.8,1.8,1.8,1.7,1.7,1.7,1.7,1.7,1.7,1.7,1.7,1.7,1.7,1.7,1.7,1.7,1.7,1.7
2014/4/11,豐原,CO,0.44,0.39,0.34,0.35,0.37,0.46,0.58,0.61,0.52,0.5,0.47,0.44,0.32,0.28,0.26,0.31,0.44,0.44,0.62,0.68,0.67,0.67,0.65,0.48
2014/4/11,豐原,NMHC,0.16,0.13,0.08,0.09,0.37,0.18,0.29,0.29,0.19,0.21,0.21,0.2,0.12,0.09,0.09,0.12,0.12,0.14,0.31,0.32,0.27,0.26,0.24,0.16
2014/4/11,豐原,NO,0.8,0.7,0.8,1.7,1.5,1.8,5,11,5.8,3.6,2.3,2.1,2.1,2.1,2.1,2,3.3,1.9,1.5,1.8,1.5,1.8,1.8,1.7
2014/4/11,豐原,NO2,12,9.3,8.1,7.6,12,15,17,23,20,17,15,13,12,9.7,9.8,12,22,18,23,24,22,22,20,13
2014/4/11,豐原,NOx,13,10,8.8,9.3,13,17,22,33,26,20,17,16,14,12,12,14,26,20,24,26,24,23,22,15
2014/4/11,豐原,O3,29,31,30,24,15,9,8.9,12,30,52,72,87,85,82,75,76,58,65,53,32,29,22,23,35
2014/4/11,豐原,PM10,66,62,58,47,47,52,68,79,80,86,108,105,101,85,85,79,76,76,85,82,82,66,58,62
2014/4/11,豐原,PM2.5,27,28,29,30,31,35,43,54,54,59,68,70,67,55,46,39,39,39,41,32,34,34,39,33
2014/4/11,豐原,RAINFALL,NR,NR,NR,NR,NR,NR,NR,NR,NR,NR,NR,NR,NR,NR,NR,NR,NR,NR,NR,NR,NR,NR,NR,NR
2014/4/11,豐原,RH,78,80,82,84,83,85,85,81,79,71,65,60,59,58,59,54,49,56,67,71,72,76,77,76
2014/4/11,豐原,SO2,2.6,2.2,2,1.9,1.6,2.7,2.4,3.8,4.4,3,3.3,3.4,3.3,2.9,2.9,4,10,6.3,4.8,3.6,3.5,3.5,3.5,3.2
2014/4/11,豐原,THC,1.9,1.8,1.8,1.8,2.1,2,2.1,2.1,2,1.9,1.9,1.9,1.8,1.7,1.7,1.8,1.8,1.8,2,2,2,2,1.9,1.9
2014/4/11,豐原,WD_HR,109,105,111,105,51,112,110,309,306,282,286,289,303,301,303,303,298,304,268,119,132,115,119,113
2014/4/11,豐原,WIND_DIREC,120,131,119,98,70,114,15,300,295,250,263,306,320,304,310,302,309,301,115,119,109,112,123,114
2014/4/11,豐原,WIND_SPEED,1.1,1.2,1.4,1,0.7,1.3,0.7,1.2,1.6,1.8,1.8,2.9,2.7,3.2,2.7,2.6,2.1,1.6,1.6,2.1,0.8,2.1,2.3,2.3
2014/4/11,豐原,WS_HR,1.2,1.1,1.6,1.4,0.4,1.2,1,0.6,1.1,1.4,1.5,1.8,1.9,2.5,2.3,2,2.5,1.8,0.4,1.8,1.2,2,2.2,2.1
2014/4/12,豐原,AMB_TEMP,21,21,20,20,21,21,21,23,26,27,28,29,29,29,30,30,28,27,26,26,25,25,25,24
2014/4/12,豐原,CH4,1.7,1.7,1.7,1.7,1.7,1.7,1.7,1.7,1.7,1.7,1.7,1.7,1.7,1.6,1.6,1.6,1.7,1.6,1.7,1.7,1.7,1.7,1.7,1.7
2014/4/12,豐原,CO,0.35,0.3,0.3,0.29,0.35,0.36,0.48,0.68,0.6,0.64,0.5,0.46,0.5,0.41,0.39,0.4,0.41,0.5,0.57,0.57,0.49,0.5,0.37,0.34
2014/4/12,豐原,NMHC,0.09,0.07,0.06,0.06,0.15,0.08,0.11,0.24,0.22,0.32,0.19,0.2,0.14,0.1,0.1,0.19,0.16,0.14,0.2,0.22,0.16,0.14,0.08,0.08
2014/4/12,豐原,NO,1.6,1,1,0.5,0.9,1.3,1.3,3.3,2.8,1.9,1.5,1.6,1.8,1.8,1.8,1.3,1.3,1.4,1.3,1.4,1.2,1.6,1,0.9
2014/4/12,豐原,NO2,9.3,7.6,7.4,7.5,8.8,9.4,10,18,15,15,12,13,14,10,8.4,8.8,11,13,16,18,16,17,11,8.3
2014/4/12,豐原,NOx,11,8.5,8.4,7.9,9.7,11,12,22,18,17,14,15,16,12,10,10,12,14,17,20,17,19,12,9.3
2014/4/12,豐原,O3,44,44,38,35,32,35,39,36,53,72,74,84,88,71,71,73,75,63,51,39,34,31,41,45
2014/4/12,豐原,PM10,71,73,61,35,33,31,40,41,47,56,55,60,71,78,73,65,61,68,65,60,47,39,39,39
2014/4/12,豐原,PM2.5,29,31,30,29,24,24,27,33,40,43,37,37,32,31,25,33,36,41,37,31,32,29,23,25
2014/4/12,豐原,RAINFALL,NR,NR,NR,NR,NR,NR,NR,NR,NR,NR,NR,NR,NR,NR,NR,NR,NR,NR,NR,NR,NR,NR,NR,NR
2014/4/12,豐原,RH,74,72,73,72,71,68,63,58,47,44,42,43,45,46,46,47,56,57,56,61,64,66,65,69
2014/4/12,豐原,SO2,2.5,1.8,1.7,1.5,1.6,1.5,1.4,2,2.3,2.8,2.5,5.5,7.6,5.4,4.1,4.4,4.6,5.1,4.8,5.5,2.5,3.1,3.2,3.7
2014/4/12,豐原,THC,1.8,1.7,1.8,1.8,1.9,1.8,1.8,2,1.9,2.1,1.9,1.9,1.8,1.7,1.7,1.8,1.8,1.8,1.9,1.9,1.8,1.8,1.7,1.7
2014/4/12,豐原,WD_HR,113,113,116,109,99,122,114,53,223,205,230,248,274,281,269,231,276,271,227,210,162,178,176,178
2014/4/12,豐原,WIND_DIREC,107,117,116,103,252,121,60,59,212,228,221,309,263,297,276,228,279,235,219,196,161,188,170,186
2014/4/12,豐原,WIND_SPEED,1.2,1.5,2.1,1.7,0.7,2.5,0.6,0.8,2.9,2.4,2.5,3.5,3.1,3.2,2.9,2.9,3,2.9,2.4,2.3,1.6,2.5,2.7,1.8
2014/4/12,豐原,WS_HR,1.7,1.8,2.1,1.8,0.7,1.8,1.1,0.7,2.2,2.4,1.9,2.1,2.3,3,2.5,2.5,2.9,2.8,2,1.7,1.3,1.5,2.4,2.3
2014/4/13,豐原,AMB_TEMP,24,24,24,24,24,23,23,25,26,27,29,29,29,29,29,29,29,28,26,25,24,24,23,23
2014/4/13,豐原,CH4,1.7,1.7,1.7,1.7,1.7,1.7,1.6,1.6,1.6,1.6,1.6,1.6,1.6,1.6,1.6,1.6,1.6,1.6,1.6,1.6,1.6,1.6,1.6,1.6
2014/4/13,豐原,CO,0.33,0.36,0.38,0.33,0.3,0.29,0.35,0.39,0.42,0.42,0.4,0.36,0.31,0.32,0.35,0.38,0.37,0.34,0.26,0.25,0.23,0.26,0.27,0.26
2014/4/13,豐原,NMHC,0.09,0.13,0.17,0.09,0.07,0.06,0.08,0.09,0.11,0.11,0.09,0.08,0.07,0.05,0.05,0.05,0.05,0.06,0.05,0.06,0.04,0.07,0.07,0.05
2014/4/13,豐原,NO,1.1,1,0.7,1.6,1.4,1.6,2.2,2.3,2.9,2.7,2.2,1.8,2.1,1.7,2.1,2.3,2.2,2.2,1.7,1.5,1.5,1.2,1.4,1.4
2014/4/13,豐原,NO2,7.8,7.7,9.4,7.3,6.8,6.7,9.3,8,10,10,9.2,7.6,7,6.1,7.5,9,10,11,9.6,9.9,8.3,11,11,7.8
2014/4/13,豐原,NOx,8.9,8.7,10,8.9,8.3,8.3,12,10,13,13,11,9.4,9.2,7.8,9.5,11,12,13,11,11,9.9,12,12,9.2
2014/4/13,豐原,O3,40,36,31,34,36,36,29,31,39,48,62,67,63,58,59,55,49,38,28,25,27,21,20,22
2014/4/13,豐原,PM10,42,51,54,59,56,57,58,64,71,73,62,58,57,60,53,52,60,64,53,43,34,48,53,64
2014/4/13,豐原,PM2.5,26,39,39,37,36,29,34,33,36,34,26,23,21,30,25,31,27,31,19,16,12,22,24,39
2014/4/13,豐原,RAINFALL,NR,NR,NR,NR,NR,NR,NR,NR,NR,NR,NR,NR,NR,NR,NR,NR,NR,NR,NR,NR,NR,NR,NR,NR
2014/4/13,豐原,RH,68,70,71,74,74,76,75,68,59,56,50,51,54,58,55,56,58,65,72,74,76,80,80,80
2014/4/13,豐原,SO2,3.4,4.8,4.5,3.7,3.4,3.4,3.6,3.9,4.8,4.8,3.9,3.6,3.8,5.3,5.6,7.3,7,6.8,3.3,2.4,2.3,2.2,2.3,2.3
2014/4/13,豐原,THC,1.7,1.8,1.9,1.8,1.8,1.7,1.7,1.7,1.7,1.7,1.7,1.7,1.7,1.7,1.7,1.7,1.7,1.7,1.7,1.7,1.6,1.7,1.7,1.7
2014/4/13,豐原,WD_HR,191,198,198,188,166,173,182,195,200,209,206,242,250,282,274,298,308,311,331,48,63,44,50,53
2014/4/13,豐原,WIND_DIREC,197,202,190,172,168,186,186,203,205,200,222,270,260,279,281,300,306,204,60,77,92,75,75,52
2014/4/13,豐原,WIND_SPEED,2.9,2.8,2.3,1.8,2.9,2,3.5,3,4.9,4,2.9,3.1,2.3,3.1,2.9,2.3,2.6,2.3,1.6,1.5,2.2,2,1.9,1.3
2014/4/13,豐原,WS_HR,2.3,3,2.1,2.1,2.2,2.6,2.4,2.9,4,3.9,2.8,2,2.5,2.6,2,2.1,2.4,1.5,0.7,0.3,0.5,0.2,0.4,0.8
2014/4/14,豐原,AMB_TEMP,23,23,22,21,21,21,21,21,22,23,24,26,27,25,25,24,23,22,21,21,20,20,19,18
2014/4/14,豐原,CH4,1.7,1.7,1.7,1.7,1.7,1.6,1.6,1.6,1.6,1.6,1.6,1.6,1.6,1.6,1.6,1.6,1.6,1.6,1.7,1.7,1.7,1.7,1.7,1.7
2014/4/14,豐原,CO,0.31,0.31,0.31,0.29,0.27,0.27,0.31,0.33,0.32,0.28,0.25,0.26,0.26,0.27,0.26,0.29,0.3,0.36,0.36,0.39,0.33,0.34,0.3,0.31
2014/4/14,豐原,NMHC,0.07,0.06,0.08,0.06,0.06,0.04,0.06,0.07,0.1,0.14,0.09,0.08,0.05,0.08,0.1,0.13,0.13,0.13,0.15,0.16,0.12,0.11,0.13,0.14
2014/4/14,豐原,NO,1.5,1.8,1.7,0.8,0.8,0.7,0.9,1.2,1.7,1.6,1.5,1.2,1.1,1.1,1.2,1.1,1.1,1,0.9,0.7,0.9,0.7,0.7,0.7
2014/4/14,豐原,NO2,7.5,7.1,6,7.2,5.1,5.5,7.5,8.6,10,8.3,5.9,4.5,4.4,6.2,4.9,5.8,6.8,9.5,10,13,9,8.7,6.5,5.8
2014/4/14,豐原,NOx,8.9,8.8,7.7,8,5.9,6.2,8.4,9.8,12,9.9,7.4,5.7,5.5,7.2,6.2,6.9,8,10,11,13,9.9,9.4,7.1,6.4
2014/4/14,豐原,O3,21,24,29,29,31,27,26,25,27,37,43,49,55,59,57,64,57,54,49,42,46,44,49,46
2014/4/14,豐原,PM10,55,49,39,40,40,40,37,26,27,39,66,74,59,52,53,61,52,56,43,54,46,59,42,42
2014/4/14,豐原,PM2.5,37,42,26,22,11,14,11,19,21,24,14,9,2,6,9,20,25,29,25,22,16,10,15,22
2014/4/14,豐原,RAINFALL,NR,NR,NR,NR,NR,NR,NR,NR,NR,NR,NR,NR,NR,NR,NR,NR,NR,NR,NR,NR,NR,NR,NR,NR
2014/4/14,豐原,RH,80,79,78,77,77,78,77,76,71,68,62,57,54,54,54,57,58,60,64,65,66,68,69,70
2014/4/14,豐原,SO2,2.3,1.9,1.7,2.1,1.5,1.4,1.4,1.5,1.5,1.6,1.7,1.9,2,2.2,2.1,2.2,2,2.1,1.9,1.8,1.8,1.8,1.6,1.7
2014/4/14,豐原,THC,1.7,1.7,1.8,1.7,1.7,1.7,1.7,1.7,1.7,1.8,1.7,1.7,1.7,1.7,1.7,1.8,1.8,1.8,1.8,1.8,1.8,1.8,1.8,1.8
2014/4/14,豐原,WD_HR,35,325,300,303,353,72,52,62,67,312,313,314,309,283,111,173,298,114,53,336,325,309,317,348
2014/4/14,豐原,WIND_DIREC,57,288,235,316,325,91,82,55,319,311,313,317,310,122,257,253,314,289,46,317,44,308,315,340
2014/4/14,豐原,WIND_SPEED,1.4,1.2,1.1,2.2,1.2,2,2.6,1.8,2.6,2.8,2.3,3.4,4.1,3.7,3.3,2.3,2.7,2.5,1.6,1.4,0.9,2.7,2.2,1.1
2014/4/14,豐原,WS_HR,0.8,0.5,0.8,1.5,0.3,1.3,0.6,1.1,0.7,1.9,1.5,1.7,2.9,1.1,0.4,0.3,0.8,0.2,0.2,0.7,0.7,1.1,0.7,0.4
2014/4/15,豐原,AMB_TEMP,18,18,18,19,19,19,20,21,22,23,23,24,26,27,26,26,25,24,23,22,22,22,22,22
2014/4/15,豐原,CH4,1.7,1.7,1.7,1.7,1.7,1.7,1.7,1.7,1.7,1.7,1.7,1.7,1.7,1.7,1.7,1.8,1.8,1.8,1.8,1.8,1.8,1.8,1.8,1.8
2014/4/15,豐原,CO,0.32,0.28,0.27,0.28,0.28,0.32,0.4,0.65,0.52,0.45,0.42,0.45,0.55,0.51,0.44,0.34,0.33,0.39,0.4,0.47,0.49,0.45,0.39,0.43
2014/4/15,豐原,NMHC,0.19,0.15,0.05,0.06,0.07,0.08,0.09,0.16,0.22,0.23,0.21,0.18,0.23,0.26,0.3,0.02,0.13,0.13,0.21,0.29,0.24,0.23,0.15,0.21
2014/4/15,豐原,NO,0.6,0.8,0.7,1.3,1.2,1.4,1.6,5.6,6.7,7.2,4.9,3,1.9,1.5,1.3,1.4,1.7,1.8,1.2,1.4,1.4,1.3,1.1,1.2
2014/4/15,豐原,NO2,5.7,6,5.2,6.4,7.3,10,15,25,21,25,20,15,16,16,15,11,13,16,17,19,19,17,13,15
2014/4/15,豐原,NOx,6.3,6.8,5.9,7.7,8.6,12,17,30,27,32,25,18,18,17,17,13,15,18,18,21,21,18,14,16
2014/4/15,豐原,O3,41,39,38,33,30,25,21,15,22,29,41,59,95,108,93,86,77,65,60,39,33,39,46,35
2014/4/15,豐原,PM10,28,27,23,24,32,39,38,43,41,50,63,73,93,96,118,0,110,100,81,79,74,73,83,88
2014/4/15,豐原,PM2.5,22,19,15,24,29,34,33,34,35,41,42,50,55,56,55,-1,48,45,35,38,48,44,32,17
2014/4/15,豐原,RAINFALL,NR,NR,NR,NR,NR,NR,NR,NR,NR,NR,NR,NR,NR,NR,NR,NR,NR,NR,NR,NR,NR,NR,NR,NR
2014/4/15,豐原,RH,72,74,74,74,73,72,71,68,65,61,59,59,54,52,57,59,63,68,71,75,77,79,81,82
2014/4/15,豐原,SO2,1.6,1.7,1.7,1.7,1.7,1.6,1.7,1.9,6.1,9.6,7,4.1,4.5,4.5,4.3,2.4,1.6,3,3,2.6,2.5,2.8,3.9,4.2
2014/4/15,豐原,THC,1.9,1.8,1.7,1.7,1.7,1.7,1.8,1.8,1.9,1.9,1.9,1.9,1.9,2,2,1.8,1.9,1.9,2,2.1,2,2,1.9,2
2014/4/15,豐原,WD_HR,341,4.1,62,82,10,48,60,27,285,291,295,295,238,218,278,304,307,302,299,122,130,195,207,196
2014/4/15,豐原,WIND_DIREC,319,64,55,52,52,54,67,310,294,309,296,263,236,189,306,305,294,301,302,127,115,201,201,182
2014/4/15,豐原,WIND_SPEED,1.4,0.9,1.4,1.1,1.2,1.2,1.4,1.7,2.1,1.8,2.6,2.1,2.5,2.6,2.6,2.2,2.4,2.2,1.3,1.4,1.2,2,2.3,2.8
2014/4/15,豐原,WS_HR,0.5,0.5,1.1,0.8,0.3,0.5,0.5,0.4,1.2,1.7,2.1,2.3,2.4,2.1,2,1.9,2.2,2.1,1.3,1.4,0.7,1.5,2.1,2.3
2014/4/16,豐原,AMB_TEMP,22,22,22,21,21,21,20,21,22,24,26,28,28,29,30,28,26,25,24,23,23,23,23,22
2014/4/16,豐原,CH4,1.8,1.8,1.8,1.8,1.8,1.8,1.8,1.8,1.8,1.8,1.8,1.8,1.8,1.8,1.8,1.8,1.8,1.8,1.8,1.8,1.8,1.8,1.8,1.8
2014/4/16,豐原,CO,0.42,0.37,0.38,0.3,0.31,0.32,0.3,0.38,0.45,0.51,0.58,0.84,0.72,0.58,0.53,0.5,0.41,0.42,0.51,0.52,0.49,0.61,0.53,0.48
2014/4/16,豐原,NMHC,0.12,0.11,0.15,0.07,0.09,0.08,0.06,0.1,0.12,0.23,0.24,0.24,0.22,0.2,0.21,0.15,0.1,0.12,0.15,0.16,0.13,0.18,0.16,0.19
2014/4/16,豐原,NO,1.2,1.2,1.2,1.3,1.5,1.8,1.7,2.3,2.9,2.4,2.5,1.9,1.9,1.9,2.3,2.3,2.3,2.1,1.9,1.7,1.5,2.2,1.4,1.8
2014/4/16,豐原,NO2,11,7.9,11,8.2,8.3,9.1,9.2,12,14,12,14,11,14,14,13,14,12,11,17,17,14,19,15,14
2014/4/16,豐原,NOx,12,9.1,13,9.5,9.9,11,11,15,17,15,16,13,16,16,15,17,14,13,19,19,16,21,17,15
2014/4/16,豐原,O3,43,44,34,44,44,42,47,42,45,58,82,90,115,102,86,70,72,68,58,40,35,31,37,31
2014/4/16,豐原,PM10,87,73,75,82,91,92,90,91,102,99,90,73,77,74,70,65,73,81,81,71,45,40,38,51
2014/4/16,豐原,PM2.5,22,23,30,25,25,17,17,25,32,33,34,31,38,42,46,44,38,43,48,49,50,42,38,29
2014/4/16,豐原,RAINFALL,NR,NR,NR,NR,NR,NR,NR,NR,NR,NR,NR,NR,NR,NR,NR,NR,NR,NR,NR,NR,NR,NR,NR,NR
2014/4/16,豐原,RH,80,81,82,85,85,85,86,85,79,69,57,47,46,43,40,48,58,61,64,68,68,64,64,68
2014/4/16,豐原,SO2,4.9,3.2,5.7,3.6,3.5,3.9,2.9,3.7,3,2.4,2.8,3.2,3.2,5.9,6.4,7.6,5.1,4.3,6.4,3.5,3.1,4.5,3.6,3
2014/4/16,豐原,THC,1.9,1.9,1.9,1.8,1.9,1.9,1.8,1.9,1.9,2,2,2,2,2,2,1.9,1.9,1.9,1.9,1.9,1.9,2,2,2
2014/4/16,豐原,WD_HR,190,198,223,285,248,316,313,300,293,237,227,228,242,249,256,310,306,315,104,119,119,145,162,124
2014/4/16,豐原,WIND_DIREC,195,200,286,266,294,307,318,304,229,248,227,231,247,287,300,315,309,316,118,121,113,143,167,116
2014/4/16,豐原,WIND_SPEED,2.5,2.5,1.8,1.1,1.1,1.5,1.9,1.9,1.5,1.8,2.8,2.6,2.7,2.4,3.9,3.5,2.4,1.5,2,2.3,1.9,1.4,1.5,2.3
2014/4/16,豐原,WS_HR,2.7,2.2,1.5,1.3,0.8,1,1.7,1.1,1,1.1,1.7,2.1,2,1.8,2.1,3.5,2.1,1.9,1.1,2,1.9,1.1,1.5,1.7
2014/4/17,豐原,AMB_TEMP,22,22,22,23,23,23,23,24,25,26,28,29,29,29,28,28,27,26,25,25,25,24,24,24
2014/4/17,豐原,CH4,1.8,1.8,1.8,1.8,1.8,1.8,1.7,1.7,1.7,1.8,1.8,1.8,1.8,1.8,1.7,1.7,1.7,1.7,1.7,1.7,1.7,1.7,1.7,1.7
2014/4/17,豐原,CO,0.45,0.43,0.36,0.32,0.34,0.34,0.35,0.39,0.38,0.47,0.42,0.45,0.4,0.37,0.35,0.46,0.45,0.56,0.54,0.48,0.49,0.46,0.42,0.38
2014/4/17,豐原,NMHC,0.19,0.18,0.1,0.09,0.08,0.07,0.06,0.09,0.25,0.3,0.22,0.23,0.16,0.17,0.14,0.22,0.28,0.33,0.27,0.31,0.38,0.16,0.1,0.09
2014/4/17,豐原,NO,1.8,1.5,1.4,1.1,1.1,1.3,1.3,2.1,2.2,2.2,1.7,1.4,1.4,1.5,1.6,1.9,2.2,4.6,1.4,1.6,2.3,1.4,1.1,1.1
2014/4/17,豐原,NO2,13,11,8.8,6.2,7,7.5,7.5,9.1,11,13,10,12,11,10,8.4,10,15,21,16,14,17,13,12,11
2014/4/17,豐原,NOx,14,13,10,7.3,8.1,8.8,8.7,11,13,15,12,13,12,12,10,12,17,26,18,15,19,15,14,12
2014/4/17,豐原,O3,29,32,45,50,46,49,50,46,48,59,72,84,85,76,62,54,47,53,52,55,52,48,44,37
2014/4/17,豐原,PM10,52,53,64,71,75,73,54,45,48,57,71,68,68,67,49,52,50,55,47,51,68,68,51,31
2014/4/17,豐原,PM2.5,23,21,24,29,31,29,22,19,14,15,16,21,24,32,29,30,22,26,31,33,33,19,19,20
2014/4/17,豐原,RAINFALL,NR,NR,NR,NR,NR,NR,NR,NR,NR,NR,NR,NR,NR,NR,NR,NR,NR,NR,NR,NR,NR,NR,NR,NR
2014/4/17,豐原,RH,70,71,70,69,70,71,71,71,67,58,51,48,46,51,56,59,64,67,69,68,70,72,74,75
2014/4/17,豐原,SO2,2.9,3.5,3.9,3.3,2.9,2.7,2.4,2.5,3.1,3.6,3.2,3.5,3.2,4.2,3.9,4.7,5.2,5,6.1,6.3,6.6,4.3,4.2,4.3
2014/4/17,豐原,THC,2,2,1.9,1.9,1.9,1.8,1.8,1.8,2,2.1,2,2,1.9,1.9,1.9,1.9,2,2.1,2,2.1,2.1,1.9,1.8,1.8
2014/4/17,豐原,WD_HR,122,127,143,129,146,144,165,186,203,211,213,216,223,249,258,242,245,245,245,238,205,177,175,175
2014/4/17,豐原,WIND_DIREC,132,154,133,115,151,146,184,194,218,209,203,219,210,271,237,237,249,246,259,238,192,169,180,183
2014/4/17,豐原,WIND_SPEED,1,1.1,1.9,1.2,1.2,1.3,2.3,2.8,3.1,2.8,2.6,3.1,3.6,3.6,3.5,3.6,3.2,2.2,2.1,2.8,2.8,1.5,1.7,1.3
2014/4/17,豐原,WS_HR,1,0.9,1.6,1,0.6,1.3,1.7,2.5,2.9,2.5,2.3,2.7,3.1,3.1,3.7,3.6,3,2.4,2.5,2.6,2.5,1.4,1.3,1.4
2014/4/18,豐原,AMB_TEMP,24,24,24,24,24,24,23,25,25,27,27,27,27,26,25,25,25,25,24,24,24,24,24,24
2014/4/18,豐原,CH4,1.7,1.7,1.7,1.7,1.7,1.7,1.7,1.7,1.7,1.7,1.7,1.7,1.7,1.7,1.7,1.8,1.8,1.7,1.7,1.7,1.7,1.7,1.7,1.7
2014/4/18,豐原,CO,0.35,0.31,0.31,0.31,0.31,0.31,0.36,0.38,0.38,0.44,0.41,0.41,0.47,0.28,0.32,0.35,0.49,0.36,0.3,0.35,0.41,0.44,0.4,0.36
2014/4/18,豐原,NMHC,0.09,0.08,0.08,0.08,0.08,0.08,0.1,0.09,0.13,0.19,0.18,0.17,0.14,0.11,0.15,0.13,0.15,0.15,0.1,0.15,0.16,0.16,0.12,0.11
2014/4/18,豐原,NO,1.2,1.3,1.3,1.3,1.3,1.3,1.6,1.9,2,1.6,2.2,1.9,2,1.8,1.9,2.1,2.2,1.4,1.2,1.3,1.3,1.6,1.6,1.4
2014/4/18,豐原,NO2,9.7,7.6,7.6,7.6,7.6,7.6,8.5,8.8,9.1,10,13,14,17,15,16,17,22,11,11,13,15,15,13,12
2014/4/18,豐原,NOx,11,8.9,8.9,8.9,8.9,8.9,10,11,11,12,15,16,19,16,18,19,24,13,12,14,16,17,14,13
2014/4/18,豐原,O3,38,14,14,14,14,14,24,31,39,50,61,57,44,36,35,37,27,36,40,31,22,15,16,13
2014/4/18,豐原,PM10,29,47,47,47,47,47,37,41,48,62,74,78,80,62,52,54,65,69,66,69,63,49,34,27
2014/4/18,豐原,PM2.5,31,20,20,20,20,20,16,17,28,33,35,30,24,24,23,28,39,35,34,19,23,21,22,13
2014/4/18,豐原,RAINFALL,NR,NR,NR,NR,NR,NR,NR,NR,NR,NR,NR,NR,NR,NR,NR,NR,NR,NR,NR,NR,NR,NR,NR,NR
2014/4/18,豐原,RH,75,78,78,78,78,78,79,72,67,61,59,61,64,70,71,72,74,75,77,78,78,79,80,80
2014/4/18,豐原,SO2,4.2,2.3,2.3,2.3,2.3,2.3,2.2,2.9,3,3.4,3,5.4,7.7,6.5,7.1,7.2,9.2,2.9,3.4,4,3.4,2.7,2.9,2.7
2014/4/18,豐原,THC,1.8,1.8,1.8,1.8,1.8,1.8,1.8,1.8,1.8,1.9,1.9,1.9,1.9,1.8,1.9,1.9,1.9,1.9,1.8,1.9,1.9,1.9,1.9,1.9
2014/4/18,豐原,WD_HR,151,109,109,109,109,109,107,130,179,237,289,286,306,313,315,315,309,314,321,96,96,104,143,130
2014/4/18,豐原,WIND_DIREC,131,120,120,120,120,120,110,148,159,211,293,307,313,318,317,310,313,320,2.1,91,104,113,182,124
2014/4/18,豐原,WIND_SPEED,1.3,1.4,1.4,1.4,1.4,1.4,0.8,1.8,1.6,2,1.8,2.3,2.9,2,1.9,1.8,1.9,1.4,0.9,0.9,0.9,1,0.8,1.6
2014/4/18,豐原,WS_HR,1,1.1,1.1,1.1,1.1,1.1,0.9,0.8,1.4,1.4,1.4,2,2.5,1.9,1.7,1.7,1.7,1.4,1.2,0.6,0.8,0.9,0.7,0.9
2014/4/19,豐原,AMB_TEMP,24,24,23,24,23,23,23,23,24,25,24,26,27,29,28,26,26,25,25,25,24,23,23,23
2014/4/19,豐原,CH4,1.7,1.7,1.7,1.7,1.8,1.8,1.8,1.8,1.7,1.8,1.8,1.7,1.7,1.7,1.7,1.7,1.7,1.7,1.7,1.7,1.7,1.7,1.7,1.7
2014/4/19,豐原,CO,0.33,0.41,0.41,0.39,0.3,0.32,0.38,0.5,0.45,0.46,0.55,0.4,0.42,0.55,0.59,0.48,0.43,0.59,0.73,0.8,0.7,0.63,0.55,0.48
2014/4/19,豐原,NMHC,0.08,0.07,0.1,0.16,0.12,0.09,0.18,0.13,0.13,0.22,0.22,0.17,0.17,0.19,0.21,0.14,0.15,0.15,0.17,0.2,0.17,0.17,0.18,0.15
2014/4/19,豐原,NO,1.3,1.2,1.5,0.3,0.3,0.5,0.6,1.9,3.2,4.4,8.3,3.8,2,1.4,1.4,1.1,0.6,0.5,0.7,0.8,1.7,1.8,1.1,0.7
2014/4/19,豐原,NO2,10,11,11,9.7,12,13,13,16,12,17,23,12,11,12,17,15,12,18,25,28,23,20,16,13
2014/4/19,豐原,NOx,12,12,12,9.9,12,14,14,18,15,21,31,16,13,14,19,16,13,19,25,29,24,22,17,14
2014/4/19,豐原,O3,15,17,12,15,16,18,14,12,15,18,12,32,47,74,54,38,45,31,21,15,14,11,19,17
2014/4/19,豐原,PM10,32,42,60,71,70,76,80,86,71,70,82,79,68,70,91,93,74,59,66,69,60,51,46,45
2014/4/19,豐原,PM2.5,17,23,31,24,21,26,29,35,31,41,45,52,46,44,40,41,42,40,40,23,21,14,26,21
2014/4/19,豐原,RAINFALL,NR,NR,NR,NR,NR,NR,NR,NR,NR,NR,NR,NR,NR,NR,NR,NR,NR,NR,NR,NR,NR,NR,NR,NR
2014/4/19,豐原,RH,79,78,80,79,84,89,89,88,81,77,82,66,59,55,58,64,68,71,73,75,76,80,80,81
2014/4/19,豐原,SO2,2.9,4.7,3.1,3.4,3,3.2,2.1,2.4,2.5,3.3,6.9,3.8,3.8,4.5,8.1,7.9,6.4,9.3,9.4,9.2,5.7,2.5,2.7,2.3
2014/4/19,豐原,THC,1.8,1.8,1.8,1.9,1.9,1.9,2,2,1.9,2,2,1.9,1.9,1.9,1.9,1.8,1.9,1.9,1.9,1.9,1.9,1.9,1.9,1.9
2014/4/19,豐原,WD_HR,115,88,100,78,316,307,310,311,337,312,319,191,217,231,284,306,315,313,304,222,154,123,145,114
2014/4/19,豐原,WIND_DIREC,58,87,92,73,306,311,290,301,328,306,41,201,232,222,300,314,318,303,290,160,109,126,159,111
2014/4/19,豐原,WIND_SPEED,0.9,0.9,1.1,0.6,1.1,1.6,1.3,0.8,1.1,2.1,0.9,2.4,2.2,2.4,3.4,2.6,2,1.6,1.1,1.6,1.2,1.2,1.3,1.8
2014/4/19,豐原,WS_HR,1,0.6,0.8,0.2,1.2,1.2,1.1,0.9,0.4,1.6,1.3,1,1.3,2.1,2.1,2.5,1.7,1.5,1.1,0.5,1,1.3,1.1,1.3
2014/4/20,豐原,AMB_TEMP,24,23,23,23,23,23,23,24,26,27,27,26,26,26,27,27,27,26,25,24,24,24,24,23
2014/4/20,豐原,CH4,1.7,1.7,1.7,1.7,1.7,1.7,1.7,1.7,1.7,1.7,1.7,1.7,1.7,1.7,1.7,1.7,1.7,1.7,1.7,1.8,1.8,1.8,1.8,1.9
2014/4/20,豐原,CO,0.41,0.35,0.31,0.3,0.3,0.34,0.51,0.56,0.44,0.36,0.36,0.37,0.28,0.24,0.26,0.26,0.28,0.32,0.33,0.34,0.38,0.41,0.46,0.42
2014/4/20,豐原,NMHC,0.13,0.12,0.09,0.1,0.1,0.09,0.18,0.22,0.09,0.08,0.09,0.09,0.05,0.03,0.04,0.04,0.05,0.07,0.09,0.1,0.12,0.16,0.16,0.13
2014/4/20,豐原,NO,0.3,0.1,0.4,0.7,0.6,0.7,1.2,4.9,2.4,1.8,1.5,1,0.9,1.5,1.2,1.5,1,1,0.5,0.4,0.5,0.6,1.1,1.5
2014/4/20,豐原,NO2,10,8.7,7.4,7.6,8.7,9.2,11,16,9.8,10,9.4,7.9,6,9.1,6.4,8.9,7.4,9.9,8.6,9.9,14,16,19,19
2014/4/20,豐原,NOx,11,8.8,7.8,8.3,9.3,9.9,12,21,12,12,11,8.9,6.9,11,7.6,10,8.5,11,9.1,10,15,16,20,20
2014/4/20,豐原,O3,22,19,20,16,14,16,19,17,36,38,47,49,50,44,48,47,53,49,47,39,29,22,14,12
2014/4/20,豐原,PM10,51,58,66,67,66,52,47,41,52,57,61,60,53,43,40,46,56,61,62,54,63,65,70,63
2014/4/20,豐原,PM2.5,27,22,33,31,23,16,21,29,30,27,36,37,33,24,19,19,16,22,35,47,52,40,37,37
2014/4/20,豐原,RAINFALL,NR,NR,NR,NR,NR,NR,NR,NR,NR,NR,NR,NR,NR,NR,NR,NR,NR,NR,NR,NR,NR,NR,NR,NR
2014/4/20,豐原,RH,80,81,80,82,83,80,77,74,63,59,64,68,69,70,66,65,66,70,73,75,77,77,78,79
2014/4/20,豐原,SO2,2.4,1.8,1.7,1.8,1.8,1.5,1.6,2.1,3.7,4.4,4.7,3.9,3.4,3.5,2.9,4.7,2.4,1.9,1.6,1.7,1.7,1.7,1.8,3.7
2014/4/20,豐原,THC,1.9,1.8,1.8,1.8,1.8,1.8,1.9,2,1.8,1.8,1.8,1.8,1.8,1.7,1.7,1.7,1.8,1.8,1.8,1.9,1.9,2,2,2
2014/4/20,豐原,WD_HR,129,109,121,110,95,101,109,355,306,299,309,306,313,312,314,316,313,311,347,324,337,316,301,289
2014/4/20,豐原,WIND_DIREC,91,117,120,116,104,100,345,349,302,315,314,316,314,322,316,42,298,312,25,308,359,331,261,273
2014/4/20,豐原,WIND_SPEED,1.3,1.3,1.1,1.6,1,1.7,0.8,1,1.6,2.6,3.5,3.2,3.1,3,4,2.9,3,1.9,1.2,1.9,1.1,1,1,0.8
2014/4/20,豐原,WS_HR,1.1,1.4,1,1.3,1.1,1.4,0.8,0.4,0.6,1.4,2.4,2.8,2.8,2.5,2.3,2.2,0.8,0.9,0.4,0.5,0.4,0.6,1.1,0.9
2014/5/1,豐原,AMB_TEMP,19,19,20,19,20,20,20,21,22,22,22,21,22,22,22,22,22,22,21,21,21,22,22,21
2014/5/1,豐原,CH4,1.8,1.8,1.8,1.9,1.8,1.8,1.8,1.8,1.8,1.8,1.8,1.8,1.8,1.8,1.8,1.8,1.8,1.8,1.8,1.8,1.8,1.8,1.7,1.8
2014/5/1,豐原,CO,0.48,0.47,0.45,0.48,0.48,0.47,0.59,0.71,0.69,0.62,0.54,0.53,0.51,0.51,0.51,0.52,0.57,0.75,0.61,0.5,0.48,0.43,0.39,0.46
2014/5/1,豐原,NMHC,0.15,0.15,0.14,0.2,0.18,0.14,0.22,0.24,0.26,0.24,0.15,0.14,0.12,0.13,0.14,0.17,0.2,0.27,0.2,0.12,0.11,0.08,0.06,0.13
2014/5/1,豐原,NO,0.9,0.9,1,0.8,0.7,0.6,1.4,2.2,2.9,3.3,2.8,2.3,2.8,2.3,2.6,2.2,1.8,3.2,1.5,0.6,0.6,0.5,0.5,0.8
2014/5/1,豐原,NO2,13,11,8.7,12,10,8.2,18,19,19,22,20,22,19,17,20,18,21,28,24,13,10,7.7,5.5,8.8
2014/5/1,豐原,NOx,14,12,9.7,13,11,8.8,19,21,22,25,23,24,22,19,22,20,23,31,26,14,11,8.2,6,9.6
2014/5/1,豐原,O3,33,45,39,34,27,27,21,23,25,28,38,37,40,37,33,36,28,22,23,33,31,36,41,28
2014/5/1,豐原,PM10,15,27,30,35,23,21,32,39,52,33,26,32,45,52,44,48,65,59,35,19,27,38,26,14
2014/5/1,豐原,PM2.5,25,33,21,22,14,20,16,21,19,29,29,36,32,41,36,33,28,22,18,10,13,8,10,4
2014/5/1,豐原,RAINFALL,4.6,3.8,0.4,1,1.2,0.4,0.2,0.2,0.2,NR,0.4,0.4,0.4,0.4,1.2,0.4,0.2,0.6,0.2,NR,NR,NR,NR,NR
2014/5/1,豐原,RH,89,89,89,89,90,90,90,90,89,89,89,89,89,89,90,89,90,91,94,95,94,91,88,88
2014/5/1,豐原,SO2,3,2.6,1.9,2.4,2.1,1.7,2,2,2,3.4,6.5,9,4.6,3.9,5.2,3.5,3.5,2.6,3.1,2.1,1.7,1.7,1.6,2.1
2014/5/1,豐原,THC,2,2,1.9,2.1,2,2,2.1,2.1,2.1,2,1.9,1.9,1.9,1.9,1.9,2,2,2.1,2,1.9,1.9,1.8,1.8,1.9
2014/5/1,豐原,WD_HR,217,207,117,209,96,113,265,102,336,312,318,313,315,314,304,316,311,293,319,79,53,87,96,196
2014/5/1,豐原,WIND_DIREC,290,69,250,113,111,265,269,142,271,318,310,306,314,309,340,312,296,311,44,356,352,89,104,143
2014/5/1,豐原,WIND_SPEED,1.5,1.9,1.7,0.8,1.5,0.6,1.4,0.8,1.3,2,2.1,1.8,1.6,1.5,1,2.3,0.8,1.9,1,1.7,1.2,2.5,1.7,0.8
2014/5/1,豐原,WS_HR,0.4,0.5,1,0.6,0.9,0.8,0.6,0.3,0.3,1.3,1.4,1.6,1.1,1.6,1.1,1.1,0.9,1,1.2,1,0.7,1.6,1.5,0.4
2014/5/2,豐原,AMB_TEMP,21,20,20,20,20,20,20,22,24,26,27,28,28,28,29,28,27,27,26,25,24,24,24,23
2014/5/2,豐原,CH4,1.8,1.7,1.7,1.7,1.7,1.7,1.7,1.7,1.7,1.7,1.7,1.8,1.8,1.8,1.7,1.7,1.7,1.7,1.7,1.7,1.7,1.7,1.7,1.7
2014/5/2,豐原,CO,0.41,0.31,0.31,0.31,0.31,0.31,0.37,0.49,0.43,0.35,0.37,0.45,0.44,0.42,0.4,0.39,0.39,0.41,0.41,0.52,0.52,0.53,0.57,0.49
2014/5/2,豐原,NMHC,0.09,0.06,0.06,0.06,0.06,0.06,0.07,0.11,0.1,0.09,0.1,0.15,0.12,0.12,0.15,0.15,0.15,0.16,0.15,0.26,0.18,0.17,0.19,0.16
2014/5/2,豐原,NO,0.8,1.7,1.7,1.7,1.7,1.7,2.1,6.1,2.7,1.9,2.4,2.6,3.1,2.5,2.4,2,2.2,1.7,1.4,1.6,1.7,1.7,2,1.5
2014/5/2,豐原,NO2,6.5,9.2,9.2,9.2,9.2,9.2,9,11,8.8,5.2,12,14,16,14,13,12,16,12,11,14,13,14,15,12
2014/5/2,豐原,NOx,7.3,11,11,11,11,11,11,17,12,7.1,14,17,19,17,15,14,19,14,12,16,15,15,17,13
2014/5/2,豐原,O3,22,5.9,5.9,5.9,5.9,5.9,12,18,30,44,53,63,69,74,78,71,56,55,51,34,27,20,16,13
2014/5/2,豐原,PM10,5,45,45,45,45,45,40,42,28,21,17,30,57,70,80,70,66,57,45,41,40,35,38,51
2014/5/2,豐原,PM2.5,5,9,9,9,9,9,4,0,0,11,11,19,22,28,31,34,36,25,12,4,6,11,18,21
2014/5/2,豐原,RAINFALL,NR,NR,NR,NR,NR,NR,NR,NR,NR,NR,NR,NR,NR,NR,NR,NR,NR,NR,NR,NR,NR,NR,NR,NR
2014/5/2,豐原,RH,91,89,89,89,89,89,88,82,73,66,61,62,67,63,62,69,73,69,68,75,77,80,83,85
2014/5/2,豐原,SO2,1.9,1.5,1.5,1.5,1.5,1.5,1.7,1.9,1.8,1.9,4.7,5.5,7.3,6.8,6.7,5.6,5.8,2.7,2,2.1,2.2,2.2,2.2,2.1
2014/5/2,豐原,THC,1.9,1.7,1.7,1.7,1.7,1.7,1.8,1.8,1.8,1.8,1.8,1.9,1.9,1.9,1.9,1.9,1.9,1.9,1.8,2,1.9,1.9,1.9,1.9
2014/5/2,豐原,WD_HR,92,74,74,74,74,74,58,49,338,314,320,307,311,308,312,306,308,13,52,112,130,114,104,100
2014/5/2,豐原,WIND_DIREC,69,79,79,79,79,79,48,70,318,315,309,303,313,312,306,309,313,65,53,143,116,134,115,103
2014/5/2,豐原,WIND_SPEED,0.9,1.7,1.7,1.7,1.7,1.7,1.7,1.8,2.2,1.8,2.7,3.4,3.4,2.9,3.4,3.1,2.9,2.1,1,0.7,1.3,0.8,1.4,1.3
2014/5/2,豐原,WS_HR,0.7,0.9,0.9,0.9,0.9,0.9,0.7,0.8,0.9,1.2,1.1,2.7,3.1,1.9,2.9,3.1,2.9,1.1,1.1,1,1.1,1.4,1.1,1.2
2014/5/3,豐原,AMB_TEMP,23,23,23,22,22,23,23,24,25,26,26,28,28,26,27,28,28,27,25,25,24,24,23,23
2014/5/3,豐原,CH4,1.7,1.7,1.7,1.7,1.7,1.8,1.8,1.8,1.7,1.7,1.7,1.8,1.8,1.8,1.8,1.7,1.7,1.7,1.7,1.7,1.8,1.8,1.9,1.9
2014/5/3,豐原,CO,0.45,0.34,0.3,0.29,0.41,0.58,0.72,0.75,0.51,0.53,0.57,0.77,0.74,0.48,0.45,0.48,0.54,0.75,0.75,0.67,0.72,0.62,0.54,0.67
2014/5/3,豐原,NMHC,0.14,0.08,0.05,0.06,0.11,0.22,0.26,0.26,0.24,0.27,0.25,0.28,0.23,0.15,0.12,0.1,0.11,0.19,0.21,0.19,0.24,0.24,0.21,0.24
2014/5/3,豐原,NO,1.2,1.3,1.4,0.7,0.7,2.2,3.3,8,4,5.3,4.1,1.6,1,0.7,0.6,1.2,1.5,1.2,1.2,0.8,0.9,0.9,0.6,1.1
2014/5/3,豐原,NO2,10,6.7,6,5.3,8.5,14,14,18,13,23,22,18,16,12,11,20,23,32,28,22,23,23,22,21
2014/5/3,豐原,NOx,12,8,7.4,5.9,9.1,16,18,26,17,28,26,19,17,13,12,22,24,33,29,22,24,24,23,22
2014/5/3,豐原,O3,18,27,22,20,13,4.1,7,6.7,26,29,38,74,92,94,105,87,69,49,33,32,21,26,27,13
2014/5/3,豐原,PM10,53,42,27,31,32,20,38,37,45,23,32,49,62,59,50,50,72,88,68,58,66,85,80,65
2014/5/3,豐原,PM2.5,10,9,8,14,13,13,7,2,2,7,13,26,46,60,57,51,42,36,32,23,28,20,24,19
2014/5/3,豐原,RAINFALL,NR,NR,NR,NR,NR,NR,NR,NR,NR,NR,NR,NR,5.4,0.8,NR,NR,NR,NR,NR,NR,0.4,NR,NR,NR
2014/5/3,豐原,RH,85,85,86,86,87,89,88,84,74,71,69,63,62,79,68,59,57,63,77,77,82,83,79,85
2014/5/3,豐原,SO2,2.2,1.6,1.6,1.6,1.6,1.5,1.6,2,3.4,9.9,7.8,5.6,4.1,4.5,4.1,9.7,11,11,4.6,3.6,2.7,2.7,3.2,2.7
2014/5/3,豐原,THC,1.9,1.8,1.7,1.8,1.9,2,2.1,2,1.9,2,2,2,2,1.9,1.9,1.8,1.8,1.9,1.9,1.9,2,2.1,2.1,2.1
2014/5/3,豐原,WD_HR,112,120,118,116,116,101,104,39,320,300,283,224,258,315,309,313,294,291,117,134,110,283,313,76
2014/5/3,豐原,WIND_DIREC,94,108,103,133,113,99,113,40,313,300,219,241,300,314,312,308,299,113,117,106,329,296,113,212
2014/5/3,豐原,WIND_SPEED,1.5,1.4,1.5,1.1,1.6,1.1,1.6,0.9,2,1.3,1.2,2.1,4.2,2.3,2.3,2.2,1.9,2.1,1.9,1,1.4,1.5,0.9,0.7
2014/5/3,豐原,WS_HR,1.5,1.1,1.4,1.4,1.8,0.8,0.9,0.3,0.8,1.1,0.6,1.5,2.1,1.4,1.9,1.5,1.8,0.6,1.6,0.8,0.9,0.2,0.4,0.8
2014/5/4,豐原,AMB_TEMP,23,23,23,22,22,22,23,23,24,25,27,27,27,28,27,27,26,25,25,25,25,25,25,25
2014/5/4,豐原,CH4,1.8,1.7,1.7,1.7,1.8,1.8,1.8,1.8,1.8,1.8,1.7,1.7,1.7,1.7,1.7,1.7,1.7,1.7,1.7,1.7,1.7,1.7,1.8,1.8
2014/5/4,豐原,CO,0.6,0.33,0.3,0.24,0.35,0.38,0.48,0.52,0.52,0.51,0.54,0.48,0.37,0.42,0.5,0.45,0.56,0.59,0.71,0.78,0.71,0.65,0.61,0.59
2014/5/4,豐原,NMHC,0.2,0.07,0.04,0.04,0.13,0.15,0.21,0.2,0.18,0.15,0.14,0.11,0.06,0.08,0.05,0.06,0.06,0.08,0.09,0.11,0.16,0.17,0.17,0.16
2014/5/4,豐原,NO,1,0.5,0.6,2,2.1,2.5,3.9,4.2,4.3,4.2,3.2,2.6,2.4,2.1,2.9,2.8,2.7,2.4,2.4,2.3,2.5,2.7,2.1,2.3
2014/5/4,豐原,NO2,17,6.3,6.4,4.8,9.5,11,15,14,14,15,13,11,7.3,8.1,14,10,18,21,22,23,21,19,17,16
2014/5/4,豐原,NOx,18,6.9,7,6.8,12,14,18,18,18,19,16,14,9.6,10,16,13,21,23,25,25,24,22,19,18
2014/5/4,豐原,O3,22,35,24,19,18,14,13,15,30,40,59,70,74,79,56,60,47,39,30,20,26,32,23,21
2014/5/4,豐原,PM10,64,48,29,16,13,17,21,30,24,35,36,45,47,58,68,63,65,61,59,58,57,63,58,50
2014/5/4,豐原,PM2.5,21,20,12,3,7,7,10,12,12,10,8,20,38,36,33,24,19,25,26,38,29,30,16,14
2014/5/4,豐原,RAINFALL,0.2,NR,NR,NR,NR,NR,NR,0.2,NR,NR,NR,NR,NR,NR,NR,NR,NR,NR,NR,NR,NR,NR,NR,NR
2014/5/4,豐原,RH,84,81,85,85,87,89,88,88,81,74,67,66,68,65,69,70,72,74,74,77,76,75,78,78
2014/5/4,豐原,SO2,3.2,1.7,1.6,1.7,2.2,2,2.7,1.9,2.3,3.4,4.2,5.1,4.4,4.5,8.4,6.7,11,10,11,6.8,5.7,3.6,2.7,2.8
2014/5/4,豐原,THC,2,1.8,1.7,1.7,1.9,2,2,2,2,1.9,1.9,1.8,1.8,1.8,1.7,1.7,1.8,1.8,1.8,1.8,1.9,1.9,1.9,1.9
2014/5/4,豐原,WD_HR,179,181,113,119,301,158,211,323,243,193,214,284,286,267,293,296,297,306,312,111,199,176,136,167
2014/5/4,豐原,WIND_DIREC,183,67,153,117,27,202,180,247,209,169,209,310,215,280,313,300,291,290,41,146,185,149,108,171
2014/5/4,豐原,WIND_SPEED,4,0.9,1.1,1.6,0.8,1.7,1.1,1.2,1.9,1.8,2.6,2.6,2.3,1.6,2.6,2,1.9,1.6,0.8,1.4,1.7,0.8,1.3,0.8
2014/5/4,豐原,WS_HR,2.4,2,0.8,1.2,1.1,0.7,1,0.4,1.7,1.9,1.8,1.7,1.8,1.2,2.4,1.9,2.1,1.4,1,1,1.6,1.2,0.8,0.8
2014/5/5,豐原,AMB_TEMP,25,24,20,20,20,21,20,21,20,21,22,22,23,22,21,21,20,20,19,19,19,18,18,18
2014/5/5,豐原,CH4,1.7,1.8,1.7,1.7,1.7,1.7,1.7,1.7,1.7,1.7,1.7,1.7,1.7,1.7,1.7,1.7,1.7,1.7,1.7,1.7,1.7,1.7,1.7,1.7
2014/5/5,豐原,CO,0.49,0.44,0.31,0.3,0.28,0.27,0.32,0.4,0.34,0.29,0.27,0.25,0.22,0.22,0.22,0.2,0.22,0.28,0.24,0.26,0.26,0.26,0.25,0.25
2014/5/5,豐原,NMHC,0.13,0.12,0.04,0.03,0.03,0.02,0.05,0.07,0.08,0.06,0.08,0.06,0.03,0.05,0.11,0.06,0.06,0.09,0.04,0.04,0.05,0.04,0.03,0.06
2014/5/5,豐原,NO,2,2.1,2.1,1.5,1.2,1.5,1.4,1.5,1.8,1.6,1.9,1.7,1.5,1.3,1.7,1.9,1.2,1.6,1.6,1.3,1.1,1.3,1.1,1
2014/5/5,豐原,NO2,12,12,6.2,3.6,3.6,3.6,6.4,8.2,8.1,6,6.1,5.1,3.9,4.9,6.7,4.4,5.5,7.7,5.9,5.8,6,5.8,4.3,4.7
2014/5/5,豐原,NOx,14,14,8.3,5.1,4.8,5.1,7.8,9.7,9.8,7.5,8,6.8,5.4,6.1,8.3,6.3,6.7,9.3,7.5,7.1,7.2,7.1,5.4,5.8
2014/5/5,豐原,O3,28,27,48,50,51,45,38,36,39,46,49,52,52,48,45,47,44,40,44,42,41,42,44,41
2014/5/5,豐原,PM10,38,37,28,18,8,5,5,0,7,7,16,19,22,13,4,6,6,5,0,11,11,28,31,31
2014/5/5,豐原,PM2.5,11,14,10,4,4,11,11,5,-1,-1,-1,-1,-1,-1,1,3,3,5,4,7,2,2,2,2
2014/5/5,豐原,RAINFALL,NR,3,19,23,19,3.8,0.2,NR,NR,NR,NR,NR,NR,0.4,0.2,NR,NR,NR,NR,0.2,NR,NR,NR,2.2
2014/5/5,豐原,RH,78,84,87,86,87,86,88,87,87,83,78,73,70,71,80,76,75,75,76,81,82,82,82,84
2014/5/5,豐原,SO2,2.9,3.3,1.8,1.6,1.5,1.6,1.6,1.6,1.6,1.6,1.8,1.8,1.8,1.8,1.9,1.7,1.7,1.7,1.5,1.6,1.6,1.6,1.6,1.6
2014/5/5,豐原,THC,1.9,1.9,1.8,1.7,1.7,1.7,1.8,1.8,1.8,1.7,1.8,1.7,1.7,1.7,1.8,1.7,1.7,1.8,1.7,1.7,1.7,1.7,1.7,1.8
2014/5/5,豐原,WD_HR,181,262,52,64,74,87,66,358,82,62,84,85,63,71,79,59,63,67,69,73,75,66,66,66
2014/5/5,豐原,WIND_DIREC,214,294,97,69,67,94,327,339,78,57,97,61,54,73,87,79,83,66,57,79,68,66,70,116
2014/5/5,豐原,WIND_SPEED,1.4,2.1,3.2,4.8,5.2,2.6,2.6,2.1,2.3,3,3.1,3.6,3.7,2.3,2.9,2.2,2.4,2.3,3,2.6,2.6,2.5,2.5,2.1
2014/5/5,豐原,WS_HR,1.1,0.5,1.6,3.4,5.2,3.6,0.4,0.5,0.5,2.1,1.3,1.8,2.6,1.4,1.1,1.9,2.1,1.6,1.8,1.4,1.3,1.6,2.3,0.6
2014/5/6,豐原,AMB_TEMP,17,17,17,16,16,16,17,17,18,18,19,19,19,19,19,19,19,19,19,19,19,19,19,19
2014/5/6,豐原,CH4,1.7,1.7,1.7,1.7,1.7,1.7,1.7,1.8,1.7,1.8,1.8,1.7,1.7,1.7,1.7,1.7,1.8,1.7,1.7,1.7,1.7,1.7,1.7,1.8
2014/5/6,豐原,CO,0.24,0.22,0.22,0.22,0.24,0.24,0.27,0.44,0.35,0.46,0.34,0.29,0.33,0.36,0.31,0.39,0.43,0.41,0.43,0.47,0.34,0.38,0.34,0.37
2014/5/6,豐原,NMHC,0.06,0.02,0.06,0.05,0.1,0.09,0.06,0.16,0.1,0.34,0.2,0.15,0.19,0.27,0.29,0.3,0.32,0.23,0.22,0.32,0.14,0.21,0.12,0.2
2014/5/6,豐原,NO,1,1.3,1.1,0.5,0.9,0.9,1,2.1,2,5.8,4.9,2.8,1.9,2,1.7,3.5,2.8,2.3,1,1.2,0.8,0.8,1,1
2014/5/6,豐原,NO2,4.7,3.8,3.9,4,4.5,6,6.7,17,12,22,15,10,10,12,10,21,22,15,14,16,8.4,9.2,9,13
2014/5/6,豐原,NOx,5.7,5.1,5,4.5,5.4,6.9,7.6,19,14,28,20,13,12,14,12,24,25,17,15,17,9.3,10,10,14
2014/5/6,豐原,O3,42,44,44,43,41,38,34,22,26,17,27,32,32,27,24,18,19,20,20,17,26,24,24,16
2014/5/6,豐原,PM10,15,1,7,18,24,18,16,10,10,17,25,35,27,25,22,28,33,32,31,25,18,19,15,20
2014/5/6,豐原,PM2.5,2,-1,-1,-1,4,7,14,8,5,-1,0,7,16,15,9,3,14,13,10,-1,-1,-1,9,9
2014/5/6,豐原,RAINFALL,0.4,0.4,NR,NR,NR,NR,NR,NR,0.2,NR,NR,NR,1.2,1.2,0.2,NR,NR,NR,NR,NR,NR,NR,NR,NR
2014/5/6,豐原,RH,88,85,86,86,88,88,87,87,85,86,84,83,85,89,89,89,89,89,88,88,87,87,86,89
2014/5/6,豐原,SO2,1.6,1.4,1.3,1.4,1.4,1.3,1.3,1.4,1.5,3,3.1,2,1.8,2.4,2.5,2.9,2,1.8,1.6,1.8,1.4,1.4,1.9,3
2014/5/6,豐原,THC,1.8,1.7,1.8,1.8,1.8,1.8,1.8,1.9,1.8,2.1,2,1.9,1.9,2,2,2,2.1,2,1.9,2.1,1.8,1.9,1.9,2
2014/5/6,豐原,WD_HR,74,66,66,342,311,346,89,49,74,289,314,313,311,330,34,313,317,69,62,35,91,91,78,99
2014/5/6,豐原,WIND_DIREC,85,80,104,323,311,39,36,78,97,306,317,305,336,346,314,321,321,95,292,90,68,92,40,252
2014/5/6,豐原,WIND_SPEED,2.2,2.3,1.9,1.6,1.3,0.9,2.1,1.6,1,2,2.5,1.8,0.7,1.3,1.4,2.1,1.2,2.3,0.8,1.3,1.4,1.2,0.9,0.4
2014/5/6,豐原,WS_HR,0.8,0.8,0.5,0.7,0.8,0.6,1.2,0.6,1.2,1.5,1.2,1.7,0.7,0.6,0.5,1.4,0.7,1,0.7,0.4,1.5,1.1,1,0.6
2014/5/7,豐原,AMB_TEMP,20,19,20,20,20,20,20,21,23,24,24,22,21,21,22,22,22,22,21,21,21,21,21,21
2014/5/7,豐原,CH4,1.8,1.7,1.8,1.8,1.8,1.8,1.7,1.8,1.7,1.8,1.8,1.8,1.8,1.7,1.7,1.8,1.8,1.8,1.8,1.8,1.8,1.8,1.9,1.9
2014/5/7,豐原,CO,0.38,0.32,0.34,0.32,0.38,0.37,0.41,0.73,0.59,0.67,0.6,0.6,0.41,0.36,0.31,0.44,0.68,0.97,0.91,0.79,0.62,0.66,0.94,1
2014/5/7,豐原,NMHC,0.3,0.12,0.16,0.17,0.25,0.18,0.14,0.3,0.22,0.3,0.36,0.36,0.19,0.13,0.08,0.44,0.8,0.71,0.58,0.81,0.39,0.45,0.56,0.47
2014/5/7,豐原,NO,0.9,0.9,0.9,1.3,1.4,1.5,2.2,11,4,5,2.8,2.8,3.5,2.8,2,2.5,7.4,16,4.2,2.4,3.1,2,3.2,2.9
2014/5/7,豐原,NO2,10,6.3,6.6,6.2,8.6,9,8.8,19,12,19,24,24,31,21,9.3,15,34,43,35,32,21,26,34,35
2014/5/7,豐原,NOx,11,7.2,7.5,7.5,9.9,10,11,30,16,24,27,27,35,24,11,18,41,59,39,35,24,28,37,38
2014/5/7,豐原,O3,19,15,12,11,8.1,7.4,14,9.6,21,33,33,24,20,22,0,32,18,11,17,9.5,10,13,4.7,5.2
2014/5/7,豐原,PM10,12,24,23,17,10,13,12,22,25,33,33,53,30,26,8,17,17,31,35,35,25,25,27,21
2014/5/7,豐原,PM2.5,9,-1,-1,-1,-1,-1,-1,-1,-1,-1,-1,-1,2,9,9,15,15,9,19,17,24,19,21,14
2014/5/7,豐原,RAINFALL,NR,NR,NR,NR,NR,NR,NR,NR,NR,NR,0,NR,3.6,4,1.8,0.6,0.4,0.4,0.6,0.4,0.4,0.8,0.4,0.4
2014/5/7,豐原,RH,88,90,90,92,92,93,93,90,85,78,75,86,88,91,90,89,92,93,94,94,96,97,98,98
2014/5/7,豐原,SO2,1.9,1.6,1.7,1.7,1.9,1.6,1.6,3.2,2,2.5,4.7,4.7,5.2,3.1,1.2,1.8,2.4,2.7,2.3,1.9,1.2,1.6,1.6,1.2
2014/5/7,豐原,THC,2.1,1.9,2,1.9,2,1.9,1.9,2.1,1.9,2.1,2.2,2.2,2,1.9,1.8,2.2,2.6,2.5,2.4,2.6,2.2,2.3,2.4,2.3
2014/5/7,豐原,WD_HR,263,141,72,73,176,90,61,57,216,267,311,311,318,67,96,203,216,231,201,310,125,228,205,150
2014/5/7,豐原,WIND_DIREC,203,202,81,105,136,71,66,100,226,300,312,326,321,50,97,192,228,291,237,328,306,203,225,106
2014/5/7,豐原,WIND_SPEED,0.5,0.6,1,0.9,1,0.9,1.2,0.7,2,1.7,2.7,1.2,1.9,1.4,1.2,1.8,1.5,1.2,0.9,1.1,1.4,2.2,1.6,1.9
2014/5/7,豐原,WS_HR,0.2,0.6,0.2,0.3,0.4,0.4,0.9,0.4,0.8,1.2,2.1,1.5,1.1,0.9,2.1,1.1,1.4,1.2,1.1,0.2,0.2,0.8,1.5,0.6
2014/5/8,豐原,AMB_TEMP,21,21,20,20,21,20,21,22,24,26,26,26,27,26,26,26,26,26,25,25,24,23,23,22
2014/5/8,豐原,CH4,1.8,1.8,1.9,1.8,1.8,1.7,1.7,1.7,1.7,1.7,1.7,1.7,1.7,1.7,1.7,1.7,1.7,1.7,1.8,1.7,1.8,1.8,1.8,1.7
2014/5/8,豐原,CO,0.56,0.55,0.53,0.51,0.4,0.44,0.41,0.42,0.32,0.55,0.57,0.39,0.34,0.37,0.31,0.32,0.27,0.32,0.38,0.33,0.47,0.44,0.37,0.32
2014/5/8,豐原,NMHC,0.36,0.32,0.44,0.23,0.13,0.14,0.11,0.1,0.05,0.32,0.3,0.16,0.11,0.08,0.07,0.08,0.14,0.12,0.15,0.1,0.27,0.14,0.09,0.08
2014/5/8,豐原,NO,1.3,1.6,1.3,1.1,1.3,1.2,1.9,2.8,2,4,4,3.1,0.3,2.9,4,2.4,2.1,1.4,0.9,0.9,0.8,1.5,1.3,1.1
2014/5/8,豐原,NO2,15,15,12,16,10,9.5,9.5,9.8,7.1,15,18,14,14,14,14,15,8.1,9.6,11,7.8,12,11,9.5,7.7
2014/5/8,豐原,NOx,16,17,14,17,12,11,11,13,9.2,19,22,17,-0.9,17,18,17,10,11,12,8.7,13,13,11,8.8
2014/5/8,豐原,O3,14,10,7.2,9.4,13,12,14,19,25,27,40,44,53,49,43,45,51,48,41,43,27,18,18,19
2014/5/8,豐原,PM10,29,17,17,30,37,55,42,37,33,25,39,60,70,68,30,27,27,23,31,28,22,25,32,38
2014/5/8,豐原,PM2.5,10,3,9,15,23,17,11,9,8,6,0,11,18,25,20,23,23,17,18,14,16,14,9,6
2014/5/8,豐原,RAINFALL,0.2,NR,NR,NR,NR,NR,NR,NR,NR,NR,NR,NR,NR,NR,NR,NR,NR,NR,NR,NR,NR,NR,NR,NR
2014/5/8,豐原,RH,98,97,98,99,97,95,95,89,77,73,70,70,67,73,70,72,70,73,76,77,82,85,87,88
2014/5/8,豐原,SO2,0.9,1.9,1.9,2.1,1.9,1.7,1.6,2.2,2.2,2.2,3.3,5.3,3.7,4.8,5.3,4.9,1.8,1.5,1.3,0.9,0.8,0.7,0.6,0.6
2014/5/8,豐原,THC,2.1,2.1,2.3,2.1,1.9,1.9,1.8,1.8,1.7,2,2,1.9,1.8,1.8,1.8,1.8,1.9,1.9,1.9,1.8,2,1.9,1.8,1.8
2014/5/8,豐原,WD_HR,118,122,81,65,108,102,59,62,78,212,295,312,309,315,320,308,315,60,47,62,117,125,119,115
2014/5/8,豐原,WIND_DIREC,17,119,37,99,100,64,48,68,158,215,315,311,296,314,291,291,299,70,49,53,119,124,124,111
2014/5/8,豐原,WIND_SPEED,1.1,1.4,1.3,1,1.6,1.3,1.2,1.2,0.8,2.1,2.2,2.4,2.9,2.4,3.3,3.3,2.4,1.3,0.9,1.8,0.8,1.4,1.5,1.5
2014/5/8,豐原,WS_HR,0.2,0.8,0.6,1,0.9,1,1,1,1.3,1.5,1.5,1.8,2.7,2.1,2.3,2.3,0.6,0.6,0.6,1.1,0.7,1.2,1.4,1.5
2014/5/9,豐原,AMB_TEMP,22,23,23,22,22,22,22,23,23,23,23,24,25,24,24,24,23,23,22,22,23,23,23,23
2014/5/9,豐原,CH4,1.8,1.8,1.8,1.8,1.9,2,1.9,1.9,1.9,1.8,1.8,1.8,1.8,1.8,1.8,1.8,1.8,1.8,1.8,1.8,1.8,1.8,1.9,1.9
2014/5/9,豐原,CO,0.31,0.31,0.32,0.32,0.53,0.64,0.66,0.8,0.67,0.59,0.61,0.59,0.51,0.56,0.52,0.58,0.54,0.6,0.54,0.48,0.63,0.86,0.76,0.79
2014/5/9,豐原,NMHC,0.08,0.09,0.09,0.1,0.31,0.4,0.51,0.46,0.31,0.26,0.28,0.44,0.33,0.32,0.29,0.37,0.33,0.29,0.19,0.19,0.3,0.41,0.41,0.38
2014/5/9,豐原,NO,0.6,0.7,0.8,1,2.6,4,5.9,9.9,8.2,3.9,5.8,6.3,3.7,3.9,4.2,3.1,2.2,2.1,1.4,1.2,1.2,3.2,3.1,3.1
2014/5/9,豐原,NO2,6.9,6.4,7,6.2,14,26,22,23,22,24,25,19,17,24,23,23,23,25,19,16,18,24,20,19
2014/5/9,豐原,NOx,7.5,7.1,7.8,7.2,17,30,28,33,30,27,31,26,21,28,27,26,25,27,20,17,20,27,23,22
2014/5/9,豐原,O3,19,17,16,15,7.9,2.7,5,4.8,12,18,19,22,31,27,31,37,38,30,31,28,17,5.7,6.3,6.6
2014/5/9,豐原,PM10,62,56,54,39,44,49,33,37,25,27,11,55,56,85,60,70,70,63,64,59,68,82,88,102
2014/5/9,豐原,PM2.5,5,6,5,0,0,9,33,39,44,34,39,31,16,24,32,57,59,57,39,27,26,38,42,44
2014/5/9,豐原,RAINFALL,NR,NR,NR,0.4,0.8,0.4,0.4,0.2,NR,0.6,2.6,0.2,0.2,0.4,NR,NR,NR,NR,NR,NR,NR,NR,NR,NR
2014/5/9,豐原,RH,88,88,88,90,93,94,95,95,94,94,94,93,90,93,93,92,93,94,97,98,97,95,96,96
2014/5/9,豐原,SO2,0.5,1.6,1.4,1.4,1.8,3.3,2.2,2.6,3,3.6,2.5,1.9,2.1,1.8,2.6,1.8,1.3,2.2,1.6,1.3,0.8,0.8,0.9,1.1
2014/5/9,豐原,THC,1.8,1.8,1.9,1.9,2.2,2.4,2.4,2.4,2.2,2.1,2.1,2.2,2.1,2.1,2.1,2.2,2.1,2.1,2,2,2.1,2.3,2.3,2.2
2014/5/9,豐原,WD_HR,110,125,120,119,66,66,336,320,315,308,34,300,298,315,290,299,307,311,297,55,57,4.9,146,193
2014/5/9,豐原,WIND_DIREC,118,148,115,117,38,40,275,316,319,298,44,292,308,323,278,298,314,315,58,76,241,298,97,201
2014/5/9,豐原,WIND_SPEED,1,0.7,1.5,1.1,0.9,0.6,0.5,1.3,2.1,1,1.8,1.5,2.2,1.4,1.9,1.8,1.6,1.9,0.9,1.3,1.3,0.8,1.6,0.8
2014/5/9,豐原,WS_HR,1.2,0.8,1,1.2,0.1,0.7,0.3,0.5,1.6,1.4,0.7,0.7,1.3,1.5,1.4,1.5,1.5,1.1,1,1,0.3,0,0.7,1
2014/5/10,豐原,AMB_TEMP,22,22,22,22,22,21,22,24,26,27,27,29,29,28,29,28,28,27,26,25,24,23,23,23
2014/5/10,豐原,CH4,1.9,1.9,1.8,1.7,1.7,1.7,1.7,1.7,1.7,1.7,1.7,1.6,1.7,1.7,1.7,1.7,1.7,1.7,1.7,1.7,1.7,1.8,1.8,1.7
2014/5/10,豐原,CO,0.81,0.88,0.59,0.39,0.2,0.28,0.49,0.51,0.59,0.63,0.7,5.74,1.15,0.58,0.91,0.46,0.53,0.73,0.54,0.51,0.47,0.62,0.68,0.35
2014/5/10,豐原,NMHC,0.38,0.41,0.28,0.14,0.06,0.13,0.16,0.24,0.23,0.43,0.3,0.24,0.3,0.21,0.22,0.19,0.2,0.24,0.22,0.2,0.16,0.22,0.24,0.09
2014/5/10,豐原,NO,1.9,2.3,1.5,1.6,1.2,1.6,5.5,5.3,4.2,5.1,5.1,2.4,1.7,1.9,2,1.8,2.2,2.4,2.2,1.6,1.8,2.4,2.2,1.5
2014/5/10,豐原,NO2,19,22,16,6.7,4.2,6.8,9,11,15,16,19,7.1,10,9.7,10,12,15,17,16,14,12,17,19,8.9
2014/5/10,豐原,NOx,21,24,17,8.3,5.4,8.4,14,16,19,21,24,9.5,12,12,12,14,17,19,19,15,14,19,21,10
2014/5/10,豐原,O3,3.8,4.2,11,13,16,9.5,7.9,17,24,25,32,47,51,54,54,53,44,39,30,22,16,9.7,10,16
2014/5/10,豐原,PM10,99,102,83,57,47,37,47,31,36,21,41,26,26,17,29,32,28,21,25,28,39,45,43,36
2014/5/10,豐原,PM2.5,39,39,34,20,9,1,9,9,14,6,3,0,6,17,34,35,31,17,19,14,12,4,9,11
2014/5/10,豐原,RAINFALL,NR,NR,NR,0.2,NR,NR,NR,NR,NR,NR,NR,NR,NR,NR,NR,NR,NR,NR,NR,NR,NR,NR,NR,NR
2014/5/10,豐原,RH,97,98,96,92,90,92,92,82,74,71,68,52,54,59,54,60,62,62,70,77,82,85,84,83
2014/5/10,豐原,SO2,0.7,1.9,1.7,1.1,1.1,3.4,4,4.5,4.2,4,3.8,4.8,6.8,11,7.5,5.7,5,6,3.7,3.1,3.1,3.3,3.1,2.7
2014/5/10,豐原,THC,2.3,2.3,2,1.8,1.7,1.8,1.9,1.9,2,2.1,2,1.9,2,1.9,1.9,1.9,1.9,1.9,1.9,1.9,1.9,2,2,1.8
2014/5/10,豐原,WD_HR,202,208,190,120,131,101,114,209,214,207,214,199,206,192,211,233,204,193,155,117,119,118,111,117
2014/5/10,豐原,WIND_DIREC,211,201,220,133,109,113,116,222,204,216,200,198,203,178,216,290,191,194,116,95,116,115,121,122
2014/5/10,豐原,WIND_SPEED,1.1,2.9,1.4,1.4,1.6,2.1,0.9,1.9,2.2,2.5,2.1,4.9,3.5,3,3.7,1.9,2.7,2.1,1.2,1.2,2.2,2.3,1.9,2.3
2014/5/10,豐原,WS_HR,0.8,1.5,2.2,1,1.3,1.1,1.3,1.1,1.8,1.6,1.9,3.7,4,3.4,3.2,2.4,1.8,1.9,1,1.5,2,1.7,1.7,2.3
2014/5/11,豐原,AMB_TEMP,24,24,24,26,26,26,26,27,30,31,31,32,31,32,32,31,31,30,29,29,29,28,28,27
2014/5/11,豐原,CH4,1.7,1.7,1.7,1.7,1.7,1.7,1.7,1.7,1.6,1.7,1.6,1.7,1.7,1.7,1.7,1.6,1.6,1.6,1.6,1.7,1.6,1.7,1.7,1.6
2014/5/11,豐原,CO,0.24,0.21,0.29,0.18,0.25,0.31,0.44,0.57,0.28,0.34,0.24,0.26,0.29,0.21,0.27,0.23,0.22,0.23,0.33,0.3,0.2,0.24,0.19,0.16
2014/5/11,豐原,NMHC,0.05,0.07,0.13,0.04,0.08,0.1,0.14,0.18,0.09,0.12,0.08,0.08,0.09,0.06,0.07,0.06,0.06,0.05,0.1,0.1,0.04,0.07,0.04,0.03
2014/5/11,豐原,NO,1.3,1.1,1.2,0.7,0.6,1.1,1.3,1.8,2.2,1.5,1.6,1.3,1.2,1.5,1.3,0.9,0.9,1.1,1.1,1.3,1,0.8,1.2,0.7
2014/5/11,豐原,NO2,5.5,5.1,8.7,4.5,7,11,11,10,8.1,10,7.1,7.2,8.4,6.9,7.2,6.1,6.3,7.1,10,11,8,10,8.4,7.1
2014/5/11,豐原,NOx,6.8,6.1,9.9,5.2,7.6,12,12,12,10,12,8.6,8.5,9.6,8.3,8.5,7.1,7.2,8.2,11,12,9,11,9.6,7.8
2014/5/11,豐原,O3,19,18,14,36,41,34,29,29,34,42,40,46,51,47,62,51,49,44,34,27,27,20,20,16
2014/5/11,豐原,PM10,28,18,17,15,29,36,49,39,36,19,18,24,33,40,29,45,34,29,17,25,23,10,2,16
2014/5/11,豐原,PM2.5,9,2,0,0,2,11,13,9,2,0,0,0,6,10,10,9,7,19,27,37,26,12,9,17
2014/5/11,豐原,RAINFALL,NR,NR,NR,NR,NR,NR,NR,NR,NR,NR,NR,NR,NR,NR,NR,NR,NR,NR,NR,NR,NR,NR,NR,NR
2014/5/11,豐原,RH,78,77,79,66,66,67,67,60,47,45,44,47,50,48,55,54,56,60,63,65,64,66,69,71
2014/5/11,豐原,SO2,2.5,1.5,2,2.1,3.9,4.1,3.3,2,2.1,2.5,2.4,2.8,3,3.2,3.8,2.9,2.3,1.6,2.4,1.5,0.8,1.2,1.3,1.5
2014/5/11,豐原,THC,1.7,1.7,1.9,1.7,1.8,1.8,1.8,1.9,1.7,1.8,1.7,1.7,1.8,1.7,1.8,1.7,1.7,1.7,1.8,1.8,1.7,1.7,1.7,1.7
2014/5/11,豐原,WD_HR,130,116,170,178,178,167,145,171,196,204,200,200,200,211,209,199,198,189,196,175,186,193,175,179
2014/5/11,豐原,WIND_DIREC,118,138,200,178,178,158,142,178,205,200,194,204,193,226,196,199,200,190,203,163,189,192,176,187
2014/5/11,豐原,WIND_SPEED,1.5,1.3,1.1,2.9,2.9,1.8,1.5,1.5,3,4.8,4.9,4.9,3.3,3.8,4.7,5.5,4.7,3.5,2.1,2.4,3.4,4.2,3.5,2.8
2014/5/11,豐原,WS_HR,1.1,1.2,1.2,2.3,2.9,2.1,1.6,1.3,2.8,3.9,4.9,4.4,3.7,4,3.8,5.3,4.8,4,2.5,2.5,2.9,4.3,3.2,3.2
2014/5/12,豐原,AMB_TEMP,27,27,27,27,27,27,26,28,30,31,32,33,32,31,30,28,27,26,25,25,26,26,26,25
2014/5/12,豐原,CH4,1.6,1.6,1.6,1.6,1.6,1.6,1.7,1.7,1.6,1.6,1.7,1.6,1.6,1.7,1.7,1.7,1.6,1.6,1.6,1.6,1.6,1.6,1.7,1.7
2014/5/12,豐原,CO,0.15,0.13,0.12,0.1,0.12,0.17,0.33,0.44,0.18,0.21,0.22,0.21,0.2,0.28,0.29,0.27,0.26,0.33,0.2,0.15,0.15,0.16,0.27,0.32
2014/5/12,豐原,NMHC,0.03,0.02,0.03,0.01,0.01,0.04,0.14,0.2,0.16,0.66,0.48,0.38,0.19,0.32,0.41,0.49,0.28,0.31,0.07,0.03,0.04,0.04,0.14,0.25
2014/5/12,豐原,NO,0.9,0.5,0.8,0.6,0.7,1.6,5.2,8.2,2.5,2.6,2.2,1.9,2.2,1.5,2.2,3.5,5.2,9.8,1.9,1.5,1.2,1.4,1.9,1.7
2014/5/12,豐原,NO2,6.3,5.2,4.7,2.4,2.3,5.5,11,12,5.3,7.2,7.7,7.8,6.5,9.6,13,15,11,14,6.6,4.5,4,5.2,9.6,11
2014/5/12,豐原,NOx,7.2,5.7,5.5,3,3.1,7.1,16,20,7.8,9.8,9.9,9.8,8.7,11,15,18,16,24,8.5,6,5.2,6.5,11,13
2014/5/12,豐原,O3,15,18,19,18,21,18,10,14,25,29,38,37,29,42,35,19,11,13,23,21,18,16,8.9,4.2
2014/5/12,豐原,PM10,19,40,30,51,34,30,17,22,32,40,29,35,23,62,63,65,26,15,28,41,35,25,17,34
2014/5/12,豐原,PM2.5,17,8,0,0,0,9,7,9,0,0,3,3,3,0,8,16,23,16,11,6,8,6,8,9
2014/5/12,豐原,RAINFALL,NR,NR,NR,NR,NR,NR,NR,NR,NR,NR,NR,NR,NR,NR,NR,0.4,0.2,0.6,0.2,NR,NR,NR,NR,NR
2014/5/12,豐原,RH,73,72,70,68,65,65,70,63,53,52,49,48,48,57,61,68,81,82,82,76,71,70,73,77
2014/5/12,豐原,SO2,1.3,1.7,1.7,1.4,1.2,1.6,2.4,3.1,1.4,2.7,2.7,2.5,2.2,4.1,4.9,4.9,2,2.7,0.8,0.6,0.5,0.6,1.1,1.4
2014/5/12,豐原,THC,1.7,1.7,1.7,1.6,1.6,1.7,1.8,1.9,1.8,2.3,2.1,2,1.8,2,2.1,2.2,1.9,1.9,1.7,1.6,1.7,1.7,1.8,1.9
2014/5/12,豐原,WD_HR,183,178,192,175,165,160,207,202,192,201,201,201,215,227,221,210,189,203,175,165,137,128,179,194
2014/5/12,豐原,WIND_DIREC,179,186,191,167,139,192,219,191,202,203,197,203,219,239,212,200,197,197,156,135,167,132,145,206
2014/5/12,豐原,WIND_SPEED,2.5,3.1,3.2,4.5,1.6,1.3,2.4,4,5.8,6.6,6,5.1,4.9,3.1,4.6,2.3,4.2,5.1,2.7,2.5,1.6,2.6,1.2,2.1
2014/5/12,豐原,WS_HR,2.7,2.3,3.1,3.6,2.2,1.3,2.1,3.1,4.6,5.9,5.8,5,5,3.8,3.6,3.2,2.6,4.7,3.6,2.3,2.2,2.5,1.4,1.5
2014/5/13,豐原,AMB_TEMP,26,26,25,26,26,24,24,26,28,29,30,29,27,26,24,25,26,27,26,26,26,25,26,26
2014/5/13,豐原,CH4,1.7,1.6,1.6,1.7,1.6,1.8,1.7,1.6,1.6,1.7,1.6,1.7,1.7,1.7,1.6,1.6,1.6,1.6,1.7,1.6,1.6,1.7,1.7,1.6
2014/5/13,豐原,CO,0.22,0.1,0.1,0.12,0.14,0.26,0.34,0.44,0.5,0.67,0.55,2.63,0.64,0.37,0.47,0.16,0.19,0.29,0.57,0.33,0.31,0.43,0.32,0.2
2014/5/13,豐原,NMHC,0.18,0.01,0,0.09,0.03,0.11,0.12,0.12,0.27,0.6,0.31,0.35,0.31,0.2,0.11,0.03,0.03,0.05,0.14,0.11,0.07,0.15,0.11,0.07
2014/5/13,豐原,NO,1.4,0.5,0.5,0.4,0.7,2.6,3.5,4.4,7.9,5.6,3.9,3.6,4.3,4.1,2.5,2,1.8,5.2,7.9,2.6,2.4,2.5,3.4,0.5
2014/5/13,豐原,NO2,7.8,3.1,2.5,2.2,2.3,13,11,6.2,10,10,12,14,17,11,4.8,2.5,3.1,6,10,6.8,6.4,9.7,8.4,3.5
2014/5/13,豐原,NOx,9.2,3.6,3.1,2.6,3.1,15,14,11,18,16,16,18,21,15,7.3,4.5,4.9,11,18,9.4,8.8,12,12,3.9
2014/5/13,豐原,O3,11,20,23,16,16,8.2,8.6,9.4,13,20,26,28,17,16,24,22,20,18,9.6,15,15,8.9,12,16
2014/5/13,豐原,PM10,34,29,12,12,12,29,23,40,26,36,0,0,38,41,46,31,32,10,12,33,40,55,36,30
2014/5/13,豐原,PM2.5,8,9,6,6,1,4,4,1,0,0,-1,-1,4,7,7,4,5,14,14,7,0,6,6,6
2014/5/13,豐原,RAINFALL,NR,NR,NR,NR,0.2,5,NR,NR,NR,NR,0,NR,4,0.6,17,0.6,0.2,NR,NR,NR,NR,NR,NR,NR
2014/5/13,豐原,RH,73,71,76,75,73,86,89,84,73,67,62,63,82,87,88,86,81,74,78,75,72,77,74,68
2014/5/13,豐原,SO2,1.4,1.7,1.7,2.3,1.8,3.4,2.4,2.2,3.2,3.9,6.6,6.6,6.1,5.6,5.3,4.6,5.6,5.6,2.6,1.9,1.6,2.2,2.4,1.7
2014/5/13,豐原,THC,1.9,1.6,1.6,1.7,1.7,1.9,1.9,1.8,1.9,2.3,2,2,2,1.9,1.8,1.6,1.6,1.7,1.8,1.7,1.7,1.8,1.8,1.7
2014/5/13,豐原,WD_HR,181,178,146,192,179,289,108,120,201,205,206,218,208,187,187,164,141,154,172,178,169,176,173,179
2014/5/13,豐原,WIND_DIREC,182,160,145,203,213,60,84,170,205,206,215,221,193,192,179,145,148,160,175,165,199,177,164,178
2014/5/13,豐原,WIND_SPEED,2.1,3.3,2.3,1.8,1.3,1,1.4,1.6,2.3,3.9,3.4,4.8,2.8,3.3,5,3.2,2.3,1.6,2.1,2.5,1.3,0.9,3.4,3
2014/5/13,豐原,WS_HR,1.5,3,2.6,1.9,1.8,0.5,1.4,1.2,2.3,4,3.5,3.6,3.1,2.8,5.3,3.4,2.6,1.9,1.4,2,1.6,1.2,1.8,2.6
2014/5/14,豐原,AMB_TEMP,25,26,26,26,26,26,27,27,29,30,31,31,29,30,31,31,30,30,29,29,28,28,28,28
2014/5/14,豐原,CH4,1.7,1.7,1.6,1.6,1.6,1.6,1.6,1.6,1.6,1.6,1.6,1.6,1.6,1.6,1.6,1.6,1.6,1.6,1.6,1.6,1.6,1.6,1.6,1.6
2014/5/14,豐原,CO,0.3,0.2,0.13,0.11,0.12,0.14,0.21,0.24,0.2,0.28,0.26,0.23,0.31,0.26,0.22,0.26,0.25,0.28,0.3,0.28,0.26,0.21,0.18,0.16
2014/5/14,豐原,NMHC,0.18,0.1,0.01,0.01,0.01,0.02,0.08,0.05,0.14,0.53,0.57,0.57,0.33,0.28,0.33,0.46,0.42,0.21,0.16,0.13,0.11,0.07,0.06,0.04
2014/5/14,豐原,NO,1.7,0.6,0.3,1.3,1.3,1.4,1.7,3.8,3.4,3.1,2.7,2.5,2.7,2.7,3.6,4.8,7.4,2.8,2.2,2.9,1.5,1.6,1.2,0.8
2014/5/14,豐原,NO2,8.7,4,3.5,2.6,3.6,3.2,3.9,4.8,4.6,7.5,9.1,7.1,8.3,7.8,6,8.1,8.7,6.9,8.9,9.3,7.4,6.9,5.5,4.2
2014/5/14,豐原,NOx,10,4.7,3.8,4,4.9,4.6,5.7,8.6,8,11,12,9.5,11,10,9.6,13,16,9.6,11,12,8.9,8.5,6.7,5
2014/5/14,豐原,O3,5.9,12,14,15,14,15,15,15,18,28,34,25,29,29,22,19,19,18,19,20,19,19,20,18
2014/5/14,豐原,PM10,41,44,50,24,22,27,21,22,15,32,34,42,28,35,41,50,57,37,40,32,40,51,34,26
2014/5/14,豐原,PM2.5,0,0,2,9,8,6,0,6,15,16,16,10,11,14,14,13,5,2,4,1,7,5,6,6
2014/5/14,豐原,RAINFALL,NR,NR,NR,NR,NR,NR,NR,NR,NR,NR,NR,NR,4.6,0.2,NR,NR,NR,NR,NR,NR,NR,NR,NR,NR
2014/5/14,豐原,RH,76,74,72,73,77,72,69,67,61,57,59,58,73,70,59,59,64,65,67,70,70,70,69,69
2014/5/14,豐原,SO2,5.5,5.6,2.9,2,3.1,2.6,4.4,2.7,2.9,5.7,3.9,3.5,2.7,3.2,3.1,3.4,3.8,3.1,3,3,2.9,3.1,2.3,1.9
2014/5/14,豐原,THC,1.9,1.8,1.6,1.6,1.6,1.6,1.7,1.6,1.7,2.2,2.2,2.2,2,1.9,1.9,2.1,2,1.8,1.8,1.8,1.7,1.7,1.7,1.6
2014/5/14,豐原,WD_HR,202,186,179,185,180,191,201,188,189,201,200,201,205,201,204,206,196,195,193,186,185,175,182,180
2014/5/14,豐原,WIND_DIREC,207,184,185,187,178,191,201,192,199,201,194,199,204,207,198,203,192,199,190,196,185,175,189,177
2014/5/14,豐原,WIND_SPEED,3.4,3.9,3.9,4.2,3.9,4,4.4,4.9,4.6,5.9,6.4,5.2,4.1,6.3,6.5,5.5,5.6,4.4,3.8,3.7,4.1,3.4,4.1,3.2
2014/5/14,豐原,WS_HR,2.6,3.3,3.8,4,4,3.9,3.8,4.6,4.4,5.4,6.1,5.8,3.8,3.9,6.1,5.3,5.5,5.1,4.4,3.4,3.9,3.6,3.6,3.5
2014/5/15,豐原,AMB_TEMP,27,27,27,27,27,27,28,29,29,29,29,28,26,25,25,25,25,25,25,25,24,25,25,25
2014/5/15,豐原,CH4,1.6,1.6,1.6,1.6,1.6,1.6,1.6,1.6,1.6,1.6,1.6,1.6,1.6,1.6,1.6,1.6,1.7,1.6,1.6,1.6,1.7,1.6,1.6,1.6
2014/5/15,豐原,CO,0.15,0.13,0.12,0.12,0.12,0.12,0.15,0.24,0.21,0.21,0.3,0.91,0.21,0.32,0.16,0.19,0.38,0.24,0.16,0.16,0.24,0.18,0.15,0.14
2014/5/15,豐原,NMHC,0.04,0.03,0.01,0,0,0,0.01,0.09,0.12,0.13,0.24,0.22,0.06,0.13,0.06,0.06,0.11,0.09,0.03,0.04,0.04,0.03,0.01,0.02
2014/5/15,豐原,NO,0.7,1,1.2,2.4,2.4,2.4,2.7,4.2,3.8,2.2,3,2.6,2.6,2.2,2.2,2.3,14,3,1.9,1.6,1.2,1.3,1.2,0.9
2014/5/15,豐原,NO2,4.5,3.7,3,3.2,3.2,3.2,3.2,4.9,5.5,4.2,6.2,7.3,5.8,7.7,5.4,5.7,13,7.3,4,4.6,5.3,4.1,3,2.2
2014/5/15,豐原,NOx,5.2,4.7,4.2,5.6,5.6,5.6,5.9,9.1,9.3,6.4,9.2,9.9,8.4,9.9,7.6,8,27,10,5.9,6.2,6.5,5.3,4.2,3.1
2014/5/15,豐原,O3,17,17,17,8.6,8.6,8.6,17,16,17,19,21,21,21,22,21,22,17,20,24,23,33,27,36,33
2014/5/15,豐原,PM10,0,6,25,40,40,40,39,55,42,45,32,50,37,29,32,32,36,20,23,13,16,13,14,8
2014/5/15,豐原,PM2.5,16,21,18,4,4,4,0,5,6,6,0,5,5,8,2,2,0,6,6,5,0,0,0,0
2014/5/15,豐原,RAINFALL,NR,NR,NR,NR,NR,NR,NR,NR,NR,NR,NR,0.2,4.8,17,7.8,27,19,0.8,2.4,7.2,74,17,9.2,7.4
2014/5/15,豐原,RH,70,71,71,70,70,70,68,66,65,64,65,67,81,87,85,89,91,89,88,89,94,95,91,85
2014/5/15,豐原,SO2,2.1,3,2.8,3.3,3.3,3.3,3.2,3.5,3.7,3.6,3.2,3.2,2.8,4.6,3,3,4.7,3.6,3.4,3.5,3.3,3.3,2.6,2.8
2014/5/15,豐原,THC,1.6,1.6,1.6,1.6,1.6,1.6,1.6,1.7,1.7,1.7,1.8,1.8,1.7,1.8,1.7,1.7,1.8,1.7,1.6,1.6,1.7,1.6,1.6,1.6
2014/5/15,豐原,WD_HR,184,181,178,183,183,183,183,190,189,188,194,188,176,183,147,168,180,168,162,172,55,114,133,144
2014/5/15,豐原,WIND_DIREC,179,175,173,184,184,184,187,189,185,186,193,190,167,186,190,144,188,163,166,330,65,157,127,182
2014/5/15,豐原,WIND_SPEED,4.3,3.5,4.6,6.2,6.2,6.2,4.1,4.4,4.5,5.6,4.6,4,3.6,2.6,2.7,2.8,2.7,3.9,3.3,3,2.1,3.1,3.5,3.4
2014/5/15,豐原,WS_HR,3.7,3.8,4,5.8,5.8,5.8,4.6,4.5,4.5,4.7,5,3.8,3.1,2.7,2.4,3,2.3,3.3,3.2,2.5,2.9,2.7,2.8,2.9
2014/5/16,豐原,AMB_TEMP,25,24,24,24,24,24,24,25,27,29,30,29,26,28,28,30,29,29,28,27,26,25,24,24
2014/5/16,豐原,CH4,1.6,1.7,1.6,1.6,1.6,1.6,1.7,1.6,1.6,1.6,1.6,1.6,1.6,1.6,1.7,1.7,1.7,1.7,1.7,1.6,1.6,1.6,1.6,1.6
2014/5/16,豐原,CO,0.16,0.17,0.14,0.13,0.16,0.21,0.4,0.56,0.26,0.19,0.25,0.3,0.34,0.26,0.32,0.46,0.55,0.54,0.63,0.36,0.36,0.29,0.24,0.21
2014/5/16,豐原,NMHC,0.02,0.08,0.05,0.04,0.04,0.06,0.2,0.18,0.05,0.06,0.71,0.41,0.17,0.13,0.16,0.29,0.24,0.41,0.3,0.1,0.1,0.07,0.05,0.05
2014/5/16,豐原,NO,1.1,0.8,1.2,1.4,1.5,2,3.8,8.5,3.3,2.4,2.9,2.2,3,7.9,2.3,2.3,2.6,2.9,2.5,3.1,2.4,1.9,2,2
2014/5/16,豐原,NO2,2.9,3.7,2.4,3.4,3.2,5.5,13,12,5.8,4.1,5.9,8.6,10,14,8.5,12,16,16,18,9.2,8.1,5.9,5.6,4.3
2014/5/16,豐原,NOx,4,4.4,3.6,4.8,4.7,7.5,17,21,9,6.5,8.8,11,13,22,11,14,18,19,20,12,11,7.8,7.6,6.3
2014/5/16,豐原,O3,27,24,26,20,17,13,7.5,11,20,23,26,30,30,33,45,48,47,37,35,24,21,15,13,14
2014/5/16,豐原,PM10,20,20,22,10,19,25,31,20,12,6,35,32,50,30,38,37,45,62,80,69,67,37,54,52
2014/5/16,豐原,PM2.5,0,0,0,1,1,9,13,13,15,9,15,5,10,15,29,35,38,39,42,32,23,14,11,5
2014/5/16,豐原,RAINFALL,0.2,4.2,1.2,NR,NR,0.2,2.4,NR,NR,NR,NR,17,4.8,NR,NR,NR,NR,NR,NR,NR,NR,NR,NR,NR
2014/5/16,豐原,RH,89,91,92,94,94,95,96,95,84,76,70,74,91,83,79,70,73,71,81,77,80,87,88,88
2014/5/16,豐原,SO2,2.7,3.2,3.4,2.6,3.1,3.4,4.2,3.6,3,3.2,3.8,2.7,2.4,2.6,4.2,5.7,7.2,5.4,5.2,3.2,3.2,3.1,2.6,2.5
2014/5/16,豐原,THC,1.6,1.7,1.7,1.7,1.7,1.7,1.9,1.8,1.7,1.7,2.3,2,1.8,1.8,1.8,2,1.9,2.1,2,1.7,1.7,1.7,1.7,1.7
2014/5/16,豐原,WD_HR,172,184,167,101,131,95,143,117,170,183,201,212,141,141,39,243,277,206,210,161,138,115,115,111
2014/5/16,豐原,WIND_DIREC,167,175,148,118,163,274,40,143,176,191,192,250,149,23,287,294,230,201,171,158,106,111,115,101
2014/5/16,豐原,WIND_SPEED,1.8,2.1,1.4,2,0.8,0.9,1.2,1.1,2.9,3.4,3,3.4,2,2.1,1.6,2.3,2.3,2.6,1.1,1.6,2,1.9,2.1,1.5
2014/5/16,豐原,WS_HR,1.7,1.1,1.3,1,1,0.6,0.4,0.5,2.4,3.9,3.9,3.1,0.5,1.2,0.6,2,2.2,2.3,0.5,1.5,1.2,1.9,2,1.7
2014/5/17,豐原,AMB_TEMP,24,24,24,24,23,23,24,26,29,30,30,31,31,32,33,31,31,30,29,28,27,27,27,27
2014/5/17,豐原,CH4,1.7,1.6,1.6,1.7,1.6,1.6,1.7,1.8,1.7,1.6,1.6,1.6,1.6,1.7,1.7,1.7,1.6,1.6,1.6,1.6,1.6,1.6,1.6,1.6
2014/5/17,豐原,CO,0.24,0.18,0.17,0.17,0.17,0.27,0.58,0.74,0.43,0.37,0.33,0.33,0.38,0.31,0.35,0.43,0.26,0.51,0.38,0.4,0.39,0.36,0.26,0.2
2014/5/17,豐原,NMHC,0.08,0.05,0.03,0.05,0.05,0.06,0.26,0.34,0.19,0.2,0.23,0.19,0.23,0.17,0.16,0.18,0.19,0.24,0.17,0.16,0.12,0.11,0.11,0.06
2014/5/17,豐原,NO,1.8,1.5,1.6,1.6,1.6,2,9.5,7.3,5.2,3.2,2.8,2.6,2.7,2.1,2,2.4,2.8,5.2,3.4,3.2,4.4,4.7,2.5,2.1
2014/5/17,豐原,NO2,5.5,3.9,3.2,2.5,3.2,4.1,10,13,9.2,8.7,8.4,8.2,8.7,7.4,6.8,7.2,6.2,10,9.8,12,10,9.5,6.3,4.5
2014/5/17,豐原,NOx,7.3,5.4,4.7,4.1,4.8,6.1,20,21,14,12,11,11,11,9.5,8.8,9.6,9,15,13,15,15,14,8.8,6.6
2014/5/17,豐原,O3,9.6,12,14,10,9.4,7.4,5.1,16,23,37,38,43,41,54,54,46,26,14,12,7.4,6,6.2,9.9,12
2014/5/17,豐原,PM10,53,45,37,59,66,57,36,52,57,47,17,20,31,57,70,91,67,50,30,37,27,26,12,24
2014/5/17,豐原,PM2.5,1,1,1,1,2,2,0,4,7,14,12,9,6,2,10,24,27,29,16,18,9,20,18,26
2014/5/17,豐原,RAINFALL,NR,NR,NR,NR,NR,NR,NR,NR,NR,NR,NR,NR,NR,NR,NR,NR,NR,NR,NR,NR,NR,NR,NR,NR
2014/5/17,豐原,RH,89,89,88,89,90,91,90,82,68,63,60,58,55,53,51,60,56,61,68,73,76,78,78,76
2014/5/17,豐原,SO2,2.7,2.3,2.3,2.3,2.8,2.7,3.9,4.3,4.2,3.7,3.5,2.6,2.8,2.8,2.9,4.9,4.3,4.4,5.7,3.7,3.6,3.5,2.9,2.9
2014/5/17,豐原,THC,1.7,1.7,1.7,1.7,1.7,1.7,2,2.1,1.8,1.8,1.9,1.8,1.9,1.9,1.9,1.8,1.8,1.8,1.8,1.8,1.8,1.7,1.7,1.7
2014/5/17,豐原,WD_HR,113,115,130,111,92,110,90,207,208,205,205,199,206,204,223,240,229,229,231,180,164,156,191,185
2014/5/17,豐原,WIND_DIREC,126,115,193,76,114,132,206,211,205,207,207,199,213,198,238,232,245,239,212,160,160,167,188,188
2014/5/17,豐原,WIND_SPEED,1.6,2.1,0.6,0.8,1.8,0.8,0.6,2.5,3.9,4.3,4,3.9,3.8,4.4,4.5,4.8,3.6,3.6,2.2,1.7,1.3,2.2,2,2.2
2014/5/17,豐原,WS_HR,1.4,1.7,0.9,0.9,1.2,1.4,0.2,1.4,3,3.8,4,3.4,3.7,3.9,3.5,3.8,3.7,3,2.5,1.5,1.4,1.7,1.7,2.2
2014/5/18,豐原,AMB_TEMP,27,27,27,27,27,26,26,27,28,29,30,30,26,25,25,24,24,25,26,25,26,27,26,25
2014/5/18,豐原,CH4,1.6,1.6,1.6,1.6,1.6,1.6,1.6,1.6,1.6,1.6,1.6,1.6,1.7,1.6,1.6,1.6,1.6,1.6,1.6,1.6,1.6,1.6,1.6,1.7
2014/5/18,豐原,CO,0.16,0.13,0.12,0.13,0.13,0.16,0.26,0.37,0.32,0.26,0.22,0.25,0.35,0.19,0.15,0.14,0.12,0.15,0.15,0.3,0.22,0.14,0.28,0.44
2014/5/18,豐原,NMHC,0.05,0.03,0.02,0.06,0.03,0.03,0.08,0.13,0.11,0.07,0.09,0.14,0.14,0.07,0.03,0.02,0.01,0.02,0.02,0.1,0.07,0.02,0.1,0.19
2014/5/18,豐原,NO,1.7,1.7,1.8,1.4,0.9,1.8,2.7,3.5,3.7,2.7,3.8,2.5,3.2,3.7,2.3,2.4,1.5,2,1.4,4.2,3.3,1.8,2.6,3.5
2014/5/18,豐原,NO2,3.4,2.4,2.4,4.7,3.9,4.4,5.6,7.3,6.5,5.7,5.7,6.4,9.9,6.6,3.5,3.6,1.6,3.5,2.7,7.5,6.5,3,8.5,14
2014/5/18,豐原,NOx,5.1,4.1,4.1,6.1,4.8,6.2,8.3,11,10,8.4,9.5,8.8,13,10,5.8,6,3.1,5.6,4.1,12,9.8,4.8,11,18
2014/5/18,豐原,O3,13,13,13,11,13,12,12,12,16,18,20,30,20,15,22,21,26,21,22,13,14,19,10,2.2
2014/5/18,豐原,PM10,27,27,25,10,13,15,15,12,1,20,42,51,31,11,17,34,39,26,9,11,13,14,11,18
2014/5/18,豐原,PM2.5,19,22,17,14,8,11,9,20,12,12,1,3,0,3,11,11,8,1,1,1,0,0,0,0
2014/5/18,豐原,RAINFALL,NR,NR,NR,NR,NR,NR,NR,NR,NR,NR,NR,NR,11,2.4,3.4,15,3.4,NR,NR,NR,NR,NR,NR,NR
2014/5/18,豐原,RH,75,76,75,75,76,77,79,77,72,68,60,58,80,89,88,88,88,84,77,79,77,70,75,83
2014/5/18,豐原,SO2,2.8,2.5,2.6,3.1,3,3,3.6,3.9,3.2,4.1,5,3.3,2.3,2.2,2.1,2.1,2.7,2.8,2.8,3.2,3.4,2.7,2.9,2.4
2014/5/18,豐原,THC,1.7,1.6,1.6,1.7,1.6,1.6,1.7,1.8,1.7,1.7,1.7,1.8,1.8,1.7,1.6,1.6,1.6,1.6,1.6,1.7,1.7,1.6,1.7,1.9
2014/5/18,豐原,WD_HR,192,185,172,196,190,174,190,197,198,185,193,199,212,196,187,175,149,145,150,181,170,167,189,190
2014/5/18,豐原,WIND_DIREC,195,177,183,197,184,173,201,196,198,193,196,196,194,198,189,163,145,161,164,194,165,175,198,193
2014/5/18,豐原,WIND_SPEED,2.4,2.2,2.7,2.5,2.6,2.1,2.6,3.7,4.1,3.5,5,4.1,5.1,4.9,3.4,3.8,3,2.7,2,2.2,3.4,3,1.9,1.6
2014/5/18,豐原,WS_HR,2.7,2.4,2.6,2.6,2.8,2.5,2.2,3.6,3.9,3.4,4.4,5.2,3.1,4.6,4.3,3.3,3.3,2.9,2.5,1.5,2.3,2.6,1.6,1.8
2014/5/19,豐原,AMB_TEMP,26,26,26,26,25,25,25,26,27,26,24,24,24,24,26,25,25,26,25,26,26,25,26,26
2014/5/19,豐原,CH4,1.6,1.6,1.6,1.7,1.7,1.7,1.7,1.7,1.8,1.6,1.7,1.7,1.6,1.6,1.6,1.6,1.6,1.6,1.6,1.6,1.6,1.6,1.6,1.6
2014/5/19,豐原,CO,0.17,0.09,0.09,0.15,0.17,0.28,0.39,0.76,0.84,0.51,0.51,0.29,0.25,0.21,0.15,0.32,0.19,0.26,0.18,0.12,0.15,0.58,0.16,0.11
2014/5/19,豐原,NMHC,0.06,0.01,0.02,0.11,0.1,0.15,0.25,0.47,0.52,0.28,0.52,0.27,0.18,0.12,0.06,0.1,0.08,0.08,0.05,0.02,0.03,0.19,0.05,0.01
2014/5/19,豐原,NO,1.5,1,1.1,0.5,0.4,1.9,6.9,15,12,3.8,11,2.2,1.8,1.9,1.6,1.7,2.2,6.3,1.6,0.9,0.6,1.9,0.8,0.3
2014/5/19,豐原,NO2,4,1.3,1.4,3.5,4.9,6.7,8.5,13,20,14,18,12,9.8,7.7,3.1,6.1,5,7.4,4.7,2.9,3,11,3.8,1.8
2014/5/19,豐原,NOx,5.5,2.3,2.6,4,5.3,8.6,15,28,32,18,30,15,12,9.5,4.7,7.8,7.1,14,6.2,3.7,3.6,13,4.7,2
2014/5/19,豐原,O3,12,15,13,9.3,6.7,4.8,4.3,4.8,7.7,7.3,4.2,11,12,13,21,18,16,14,18,17,17,8,15,17
2014/5/19,豐原,PM10,23,27,15,10,7,17,15,47,55,85,48,30,9,10,10,1,2,10,17,31,24,28,24,32
2014/5/19,豐原,PM2.5,4,4,5,9,9,9,0,0,3,8,11,6,2,2,7,7,4,3,6,9,5,12,9,9
2014/5/19,豐原,RAINFALL,NR,NR,NR,NR,NR,NR,NR,NR,NR,2.6,66,12,18,13,NR,20,3.8,0.2,0.2,NR,NR,NR,NR,NR
2014/5/19,豐原,RH,78,75,76,80,82,83,84,80,76,80,91,95,96,95,88,88,92,89,88,86,81,85,81,75
2014/5/19,豐原,SO2,2.3,2,2,2.4,3.2,3.1,3.5,4.9,4.8,3.4,2.9,2.6,2.3,2.3,2.1,2.3,2.9,3,2.9,2.9,2.8,6.9,2.5,2.3
2014/5/19,豐原,THC,1.7,1.6,1.6,1.8,1.8,1.9,2,2.2,2.3,1.9,2.2,1.9,1.8,1.7,1.6,1.7,1.7,1.7,1.6,1.6,1.6,1.8,1.6,1.6
2014/5/19,豐原,WD_HR,174,163,173,190,178,186,202,209,207,155,281,81,110,101,138,139,141,143,157,146,146,189,176,173
2014/5/19,豐原,WIND_DIREC,172,161,190,213,168,221,204,199,199,48,240,87,109,127,137,127,136,150,139,139,155,180,167,180
2014/5/19,豐原,WIND_SPEED,2.7,1.9,1.8,1.1,1.2,1.4,1.4,2,3.5,1,2.5,1.1,2,2.3,2.5,1.6,1.7,2.9,2.9,2.3,1.7,2.3,2.7,3.2
2014/5/19,豐原,WS_HR,1.9,2,1.7,1.2,0.9,0.7,1.6,1.3,2.6,0.7,1.5,0.1,0.8,1.3,2.2,0.8,1.9,1.9,2.6,3.1,2.2,2.3,3.2,2.9
2014/5/20,豐原,AMB_TEMP,26,26,27,27,26,26,27,27,28,26,25,24,23,24,25,26,26,26,26,26,26,26,26,25
2014/5/20,豐原,CH4,1.6,1.6,1.6,1.6,1.7,1.7,1.6,1.6,1.6,1.6,1.6,1.6,1.6,1.6,1.6,1.6,1.6,1.6,1.6,1.6,1.6,1.6,1.6,1.6
2014/5/20,豐原,CO,0.1,0.09,0.09,0.09,0.19,0.19,0.14,0.2,0.15,0.14,0.12,0.16,0.11,0.21,0.24,0.21,0.65,0.48,0.49,0.25,0.2,0.15,0.15,0.13
2014/5/20,豐原,NMHC,0.02,0.01,0,0,0.12,0.09,0.01,0.03,0.01,0.02,0.03,0.05,0.01,0.17,0.2,0.11,0.55,0.65,0.43,0.07,0.05,0.03,0.03,0.01
2014/5/20,豐原,NO,0.1,0.3,0.3,0.5,0.7,2.8,0.9,2.1,2.4,1.7,1,2,0.6,1.5,1.9,1.4,5,6.9,3,1.3,2,0.6,0.6,0.6
2014/5/20,豐原,NO2,1.7,1.7,1,1.8,4.5,6.6,2.9,4.3,4.3,4.3,3.4,5.1,2.6,7,8.8,6.6,22,17,16,8.6,6.4,4.6,4,2.9
2014/5/20,豐原,NOx,1.8,2,1.3,2.3,5.2,9.4,3.8,6.4,6.7,6,4.4,7.2,3.2,8.5,11,8,27,24,19,9.9,8.3,5.2,4.6,3.5
2014/5/20,豐原,O3,16,16,18,20,13,14,22,21,21,17,15,12,18,19,19,21,12,20,18,24,23,23,23,30
2014/5/20,豐原,PM10,30,20,22,23,27,34,60,63,55,33,29,49,43,43,40,22,32,48,51,42,25,15,19,24
2014/5/20,豐原,PM2.5,0,0,4,4,4,3,8,8,4,0,0,1,4,4,7,14,22,19,11,1,9,9,9,0
2014/5/20,豐原,RAINFALL,NR,NR,NR,NR,NR,NR,NR,NR,NR,0.4,8.4,38,56,7,1.2,1.2,NR,NR,NR,NR,NR,NR,0.2,1.2
2014/5/20,豐原,RH,77,76,73,70,76,75,66,66,67,77,83,89,90,90,91,89,91,89,88,87,86,86,86,89
2014/5/20,豐原,SO2,2.4,0.9,0.9,0.8,4.7,3.5,1.5,1.7,1.7,1.7,1,1,1,2.9,3,2.7,4.7,4.9,5.4,3.8,3.5,3.4,2.7,2.4
2014/5/20,豐原,THC,1.6,1.6,1.6,1.6,1.8,1.7,1.6,1.6,1.6,1.6,1.6,1.6,1.6,1.8,1.8,1.7,2.2,2.3,2.1,1.7,1.6,1.6,1.6,1.6
2014/5/20,豐原,WD_HR,176,175,177,168,198,184,176,177,175,170,123,129,116,157,185,177,230,203,196,176,165,169,184,176
2014/5/20,豐原,WIND_DIREC,167,176,172,158,208,182,170,176,171,143,97,96,123,50,189,73,218,188,184,173,170,174,195,169
2014/5/20,豐原,WIND_SPEED,3.2,3.6,3.5,2.2,2,4,4.8,3.6,5.4,3.3,1.9,3,3.7,2.5,2.5,1.5,2.8,2.3,3,2.5,3.4,3.1,3.1,2.9
2014/5/20,豐原,WS_HR,3.4,3.4,3.4,2.7,2.2,2.8,4.2,3.9,4.4,3.2,2.5,1.8,2.6,0.8,1.4,1.7,1,2.7,2.3,2.5,2.7,2.9,2.4,3.1
2014/6/1,豐原,AMB_TEMP,26,25,25,26,26,26,26,27,28,28,29,31,32,32,32,33,33,32,31,29,28,28,28,27
2014/6/1,豐原,CH4,1.7,1.7,1.7,1.8,1.8,1.8,1.7,1.7,1.7,1.7,1.6,1.6,1.6,1.6,1.6,1.6,1.6,1.6,1.7,1.7,1.7,1.7,1.7,1.7
2014/6/1,豐原,CO,0.35,0.34,0.34,0.4,0.38,0.53,0.58,0.53,0.56,0.39,0.38,2.41,1.09,0.5,0.57,1.16,1.28,1.73,1.63,0.4,0.29,0.25,0.25,0.31
2014/6/1,豐原,NMHC,0.09,0.09,0.1,0.17,0.19,0.2,0.26,0.34,0.29,0.14,0.12,0.14,0.11,0.08,0.09,0.12,0.13,0.14,0.2,0.14,0.09,0.07,0.08,0.11
2014/6/1,豐原,NO,1.2,1.2,1,1.5,2.2,3.8,5.6,4.2,4,2.8,2.8,2.2,1.3,1.2,1.6,1.4,1.7,1.7,2.2,1.9,3.2,1.8,1.4,1.6
2014/6/1,豐原,NO2,7,6.6,6.8,12,10,15,14,10,13,12,11,9.4,7.2,6.5,6.9,8,10,12,17,13,10,7,6.4,9.3
2014/6/1,豐原,NOx,8.2,7.8,7.8,14,12,18,19,14,16,14,14,12,8.6,7.7,8.6,9.4,12,13,19,15,14,8.8,7.9,11
2014/6/1,豐原,O3,6,4.9,4,2.8,1.2,3.3,7.3,17,31,31,37,57,67,65,60,63,58,49,21,21,20,24,22,15
2014/6/1,豐原,PM10,31,32,33,43,56,50,48,41,51,63,55,49,49,48,47,45,32,43,43,58,44,42,38,40
2014/6/1,豐原,PM2.5,18,15,6,14,20,26,28,31,28,25,33,36,37,32,37,37,38,37,41,35,32,27,32,34
2014/6/1,豐原,RAINFALL,NR,NR,NR,NR,NR,NR,NR,NR,NR,NR,NR,NR,NR,NR,NR,NR,NR,NR,NR,NR,NR,NR,NR,NR
2014/6/1,豐原,RH,89,90,90,90,90,90,89,83,76,77,76,63,60,58,56,52,52,57,63,70,74,75,77,79
2014/6/1,豐原,SO2,1.4,1.8,1.9,2.2,2.9,3.9,5.5,4.2,5.1,5.1,4.4,4.4,3.4,3.8,5.8,7.6,9,12,14,4,3.6,4,3.2,3
2014/6/1,豐原,THC,1.8,1.8,1.8,2,2,2,2,2,2,1.8,1.7,1.8,1.7,1.7,1.7,1.7,1.8,1.8,1.9,1.8,1.8,1.7,1.8,1.8
2014/6/1,豐原,WD_HR,117,119,122,300,283,188,201,201,209,270,264,209,210,222,224,210,219,208,208,182,176,173,169,181
2014/6/1,豐原,WIND_DIREC,118,122,119,280,157,203,192,212,232,270,205,208,211,206,226,212,208,206,198,179,170,163,176,179
2014/6/1,豐原,WIND_SPEED,1.6,1.4,1.3,0.7,1.1,1,2.4,2.5,2.8,2.4,2.9,3.4,3.2,3.4,4,3.8,3.4,3.7,2.5,3,2.8,2.2,2.9,3.7
2014/6/1,豐原,WS_HR,1.5,1.5,1.3,0.5,0.4,1.2,1.6,2.5,2.7,1.7,1.3,2.7,2.9,3.1,3.2,3.4,3.3,3.6,3.2,2.6,2.6,2.4,2.4,2.9
2014/6/2,豐原,AMB_TEMP,27,27,26,27,27,27,27,28,29,30,32,33,34,32,32,32,32,31,30,30,29,29,29,28
2014/6/2,豐原,CH4,1.7,1.6,1.6,1.6,1.6,1.6,1.6,1.6,1.6,1.6,1.6,1.6,1.6,1.6,1.6,1.6,1.6,1.6,1.6,1.6,1.6,1.6,1.6,1.6
2014/6/2,豐原,CO,0.24,0.21,0.16,0.14,0.12,0.13,0.17,0.21,0.2,0.22,0.19,0.23,0.19,0.19,0.17,0.19,0.19,0.24,0.22,0.22,0.21,0.18,0.14,0.13
2014/6/2,豐原,NMHC,0.08,0.07,0.03,0.02,0.01,0.02,0.03,0.05,0.04,0.09,0.13,0.14,0.08,0.07,0.06,0.1,0.12,0.13,0.07,0.07,0.08,0.04,0.03,0.03
2014/6/2,豐原,NO,1.1,1.3,1.2,1.6,1.3,1.5,1.9,2,2.2,2.6,2.2,1.9,1.8,2.1,1.9,2.5,2.5,2.9,2.3,1.8,1.9,2.4,1.5,1.3
2014/6/2,豐原,NO2,8.4,7.2,5.6,3.4,2.3,2.2,3.3,3.2,3.3,5.1,4.7,5.2,4.4,5.2,4.3,6.4,5.7,7.1,5.9,5.6,6.2,6.1,4.4,3.6
2014/6/2,豐原,NOx,9.5,8.5,6.8,5,3.6,3.6,5.2,5.2,5.5,7.7,6.9,7.1,6.3,7.2,6.2,8.9,8.2,10,8.2,7.4,8.1,8.4,5.9,4.9
2014/6/2,豐原,O3,14,15,16,16,17,17,17,22,22,25,32,41,38,30,31,29,24,21,20,18,15,14,16,16
2014/6/2,豐原,PM10,39,28,24,10,37,48,50,22,7,24,36,44,34,31,34,56,46,30,14,21,60,70,70,49
2014/6/2,豐原,PM2.5,34,23,11,7,10,17,12,10,6,13,17,22,24,20,13,11,13,20,15,14,10,11,6,6
2014/6/2,豐原,RAINFALL,NR,NR,NR,NR,NR,NR,NR,NR,NR,NR,NR,NR,NR,NR,NR,NR,NR,NR,NR,NR,NR,NR,NR,NR
2014/6/2,豐原,RH,80,80,81,77,71,69,68,65,64,58,48,46,46,59,59,58,59,65,70,74,76,77,78,78
2014/6/2,豐原,SO2,3.1,2.9,2.1,1.6,1.8,1.8,1.9,2.4,2.1,3.9,3.5,3.2,2.7,3,2.5,3.7,6.2,5,4.3,4.2,4.6,4.3,3.7,3.6
2014/6/2,豐原,THC,1.7,1.7,1.6,1.6,1.6,1.6,1.6,1.6,1.6,1.7,1.7,1.7,1.7,1.7,1.6,1.7,1.7,1.7,1.6,1.6,1.6,1.6,1.6,1.6
2014/6/2,豐原,WD_HR,186,185,178,180,182,181,176,193,186,197,202,203,203,211,217,205,203,196,189,192,191,183,183,187
2014/6/2,豐原,WIND_DIREC,193,184,177,175,181,174,181,194,188,198,203,210,201,213,214,203,205,195,186,194,189,176,186,191
2014/6/2,豐原,WIND_SPEED,3.8,3.1,3.6,3.4,3.2,3.7,2.6,5.2,3.5,5.4,4.8,5.2,6.1,5.1,4.3,5.2,4.7,3.9,2.8,3.9,3,3.5,4.6,3.8
2014/6/2,豐原,WS_HR,3.1,3.1,3.4,3.4,3.3,3.5,3.3,4.1,4.1,4.1,5,5.2,5.6,4.4,4.8,5,4.7,3.6,3,3.4,3.6,3.4,3.8,3.7
2014/6/3,豐原,AMB_TEMP,28,28,28,28,28,28,28,28,28,27,25,25,26,26,27,27,26,25,25,26,25,25,24,25
2014/6/3,豐原,CH4,1.6,1.6,1.6,1.6,1.6,1.6,1.6,1.6,1.6,1.6,1.6,1.6,1.6,1.6,1.6,1.6,1.6,1.6,1.6,1.6,1.6,1.6,1.6,1.7
2014/6/3,豐原,CO,0.13,0.13,0.13,0.1,0.1,0.1,0.13,0.23,0.2,0.37,0.33,0.14,0.12,0.16,0.21,0.19,0.18,0.2,0.21,0.24,0.27,0.22,0.18,0.24
2014/6/3,豐原,NMHC,0.05,0.04,0.03,0,0,0,0.01,0.05,0.03,0.65,0.13,0.11,0.01,0.14,0.42,0.21,0.14,0.03,0.03,0.16,0.14,0.06,0.04,0.09
2014/6/3,豐原,NO,1.1,1.1,1.3,1,0.9,1,1.8,3,2.9,4.8,4.2,2.4,1.4,1.6,2.1,2.3,2.3,3.7,2,1.3,2.3,0.7,1.1,1.1
2014/6/3,豐原,NO2,3.8,4.5,4.7,2.4,2.2,2.7,3,4.7,5.6,13,12,4.7,2.5,4.3,6.4,5.8,5.8,6.4,6.5,6,8.8,5.9,4.3,7.1
2014/6/3,豐原,NOx,4.9,5.6,6,3.4,3.1,3.7,4.8,7.6,8.5,18,16,7.1,4,5.9,8.6,8.1,8.1,10,8.4,7.4,11,6.6,5.4,8.2
2014/6/3,豐原,O3,15,13,13,17,17,18,18,18,17,8.6,9,16,21,29,27,28,28,31,33,38,25,25,23,18
2014/6/3,豐原,PM10,45,45,27,12,15,17,20,33,47,57,51,47,39,21,18,10,10,11,8,14,16,24,18,12
2014/6/3,豐原,PM2.5,5,9,7,6,1,1,10,11,12,2,1,0,0,6,14,15,9,1,0,4,6,15,13,16
2014/6/3,豐原,RAINFALL,NR,NR,NR,NR,NR,NR,NR,NR,NR,0.6,4,3.4,0.6,NR,NR,NR,1.4,3.4,NR,NR,NR,NR,NR,NR
2014/6/3,豐原,RH,79,82,81,78,78,76,75,71,71,80,87,87,84,78,75,75,79,88,85,81,85,86,88,87
2014/6/3,豐原,SO2,4.2,3.7,3.9,2.4,2.9,3.2,3.1,3.1,3.1,4.3,2.9,2.6,2.4,2.8,3.4,2.6,3.1,3.1,3,3.3,3.3,3.3,2.6,3.6
2014/6/3,豐原,THC,1.6,1.6,1.6,1.6,1.6,1.6,1.6,1.6,1.6,2.3,1.7,1.7,1.6,1.7,2,1.8,1.7,1.6,1.6,1.8,1.8,1.7,1.7,1.7
2014/6/3,豐原,WD_HR,191,187,194,176,183,185,182,177,175,194,158,168,135,184,199,193,184,180,167,149,102,118,118,125
2014/6/3,豐原,WIND_DIREC,180,202,189,188,182,180,184,176,190,181,165,173,127,199,204,193,173,179,181,113,128,113,122,84
2014/6/3,豐原,WIND_SPEED,2.7,3,3.4,3.7,3.9,4.7,4.7,3.3,2.4,2.5,2.7,3.4,4,3,3.3,3.2,4.8,3.6,1.5,1.6,0.9,1.6,1.7,1.8
2014/6/3,豐原,WS_HR,3.2,2.7,3.3,3.4,3.9,4.8,4.5,3.3,2.4,2.7,2.2,2.7,3.2,2.9,2.3,2.4,3.7,3.6,2.1,1.2,0.9,1.1,1.7,0.7
2014/6/4,豐原,AMB_TEMP,24,24,24,24,24,24,24,25,27,28,30,31,31,30,30,30,28,28,27,27,27,27,27,27
2014/6/4,豐原,CH4,1.6,1.6,1.6,1.6,1.6,1.6,1.7,1.7,1.7,1.7,1.7,1.6,1.7,1.6,1.6,1.6,1.6,1.6,1.7,1.7,1.7,1.7,1.7,1.7
2014/6/4,豐原,CO,0.16,0.14,0.14,0.14,0.16,0.24,0.45,0.64,0.56,0.43,0.42,1.26,0.93,0.31,0.31,0.29,0.3,0.41,0.59,0.57,0.38,0.33,0.36,0.31
2014/6/4,豐原,NMHC,0.04,0.02,0.03,0.04,0.13,0.08,0.18,0.23,0.35,0.28,0.29,0.25,0.23,0.14,0.19,0.12,0.2,0.17,0.22,0.23,0.15,0.13,0.16,0.13
2014/6/4,豐原,NO,0.7,0.9,0.8,1,0.8,0.8,2.4,10,3.6,2.9,2,1.3,1.3,1.6,1.4,1.3,0.9,1.2,1,1.1,1.6,1,0.8,0.5
2014/6/4,豐原,NO2,3.5,2.7,2.8,2.3,3,4.1,7.9,14,13,12,11,8.8,10,10,8.6,8.3,9.5,13,18,17,9.9,6.4,6.8,5.3
2014/6/4,豐原,NOx,4.2,3.6,3.6,3.4,3.8,4.9,10,24,16,15,13,10,11,12,10,9.5,10,14,19,18,11,7.5,7.5,5.8
2014/6/4,豐原,O3,20,21,21,20,17,15,12,9.8,29,43,63,74,84,60,61,61,57,51,45,48,53,50,45,43
2014/6/4,豐原,PM10,27,27,26,14,16,35,44,49,27,12,27,45,53,46,40,41,45,75,82,81,59,50,39,39
2014/6/4,豐原,PM2.5,9,6,1,0,1,4,11,14,14,14,12,18,23,32,39,37,33,29,29,31,29,31,34,33
2014/6/4,豐原,RAINFALL,NR,NR,NR,NR,NR,NR,0.2,NR,NR,NR,NR,NR,NR,NR,NR,NR,NR,NR,NR,NR,NR,NR,NR,NR
2014/6/4,豐原,RH,89,89,89,89,91,92,91,89,80,72,64,59,60,72,72,74,80,83,84,83,84,83,85,87
2014/6/4,豐原,SO2,2.6,1.4,1.4,1.4,1.9,2,2,2.3,3.7,3.8,2.7,2.6,2.8,4,3.8,4.1,4.8,5.8,7.1,5.3,3.3,3,2.7,2.5
2014/6/4,豐原,THC,1.7,1.6,1.7,1.7,1.8,1.7,1.8,1.9,2,1.9,2,1.9,1.9,1.8,1.8,1.8,1.8,1.8,1.9,1.9,1.8,1.8,1.9,1.8
2014/6/4,豐原,WD_HR,111,115,115,115,107,108,108,81,208,213,208,211,232,305,306,302,301,303,290,176,180,188,190,188
2014/6/4,豐原,WIND_DIREC,117,119,114,119,109,96,86,328,204,213,204,233,231,299,299,302,309,284,208,178,186,186,198,185
2014/6/4,豐原,WIND_SPEED,2.3,2.2,2.1,2.1,1.6,1.4,1.3,0.8,3.2,2.6,2.4,3.1,2.5,2.8,2.3,2.7,1.8,1.3,1.5,3.3,3,2.5,3.9,2.7
2014/6/4,豐原,WS_HR,2,1.9,2.2,1.9,1.5,1.5,0.6,0.3,2,2.7,2.8,2.6,2.5,2.5,1.3,2.1,1.9,1.3,1.1,2.4,3,2.7,3.1,3.2
2014/6/5,豐原,AMB_TEMP,26,26,26,26,26,26,27,27,28,30,31,31,30,27,27,27,27,27,27,27,27,27,27,26
2014/6/5,豐原,CH4,1.7,1.7,1.7,1.7,1.7,1.7,1.7,1.7,1.6,1.6,1.6,1.6,1.6,1.6,1.6,1.6,1.6,1.6,1.6,1.6,1.6,1.6,1.6,1.6
2014/6/5,豐原,CO,0.26,0.22,0.21,0.25,0.24,0.36,0.32,0.4,0.28,0.32,0.3,0.34,0.31,0.27,0.23,0.18,0.19,0.22,0.21,0.21,0.29,0.33,0.19,0.16
2014/6/5,豐原,NMHC,0.1,0.06,0.04,0.06,0.1,0.27,0.06,0.09,0.08,0.71,0.48,0.37,0.22,0.16,0.09,0.02,0.04,0.06,0.03,0.03,0.06,0.09,0.05,0.03
2014/6/5,豐原,NO,0.8,0.8,0.7,1,1,1.5,2.5,2.8,2.4,2.2,2,2,2,1.8,2.4,2,3.8,5.8,2.1,2.9,5.2,3.7,1.6,1.1
2014/6/5,豐原,NO2,3.7,2.4,1.8,2.7,2.5,8.1,6.6,6.2,5.8,7.2,7.5,9.2,8.4,8.6,5.5,3.2,5.6,6.4,3.6,4.4,7,8.3,3.5,3.3
2014/6/5,豐原,NOx,4.4,3.3,2.5,3.7,3.4,9.6,9,9,8.3,9.3,9.5,11,10,10,7.9,5.2,9.4,12,5.7,7.3,12,12,5.1,4.4
2014/6/5,豐原,O3,41,44,43,35,34,24,35,37,44,51,54,54,50,39,36,33,31,27,22,21,17,13,16,15
2014/6/5,豐原,PM10,30,35,24,22,22,32,35,22,15,32,62,65,61,0,0,0,9,7,14,20,30,22,10,8
2014/6/5,豐原,PM2.5,27,13,5,0,3,7,9,12,11,15,23,22,23,11,11,11,11,3,8,15,20,22,14,11
2014/6/5,豐原,RAINFALL,NR,NR,NR,NR,NR,NR,NR,NR,NR,NR,NR,NR,9.8,3,0.6,0.8,NR,NR,NR,NR,NR,0.2,NR,NR
2014/6/5,豐原,RH,88,86,82,84,80,79,72,68,70,64,61,62,67,87,86,86,83,80,79,79,79,81,83,84
2014/6/5,豐原,SO2,2,1.9,2.1,1.8,2.3,3.2,2.3,2.4,2.9,4.9,3.7,3.7,2.3,0.2,-1.5,2.3,3,3,3.1,3.3,3.4,3.4,2.9,2.7
2014/6/5,豐原,THC,1.8,1.8,1.8,1.8,1.8,2,1.8,1.7,1.7,2.4,2.1,2,1.8,1.8,1.7,1.6,1.6,1.6,1.6,1.6,1.7,1.7,1.6,1.6
2014/6/5,豐原,WD_HR,180,175,180,186,186,191,175,185,186,200,203,209,213,200,182,167,170,158,161,163,163,158,151,149
2014/6/5,豐原,WIND_DIREC,161,185,200,190,216,179,187,186,192,203,207,210,283,191,181,173,185,152,159,157,175,131,143,132
2014/6/5,豐原,WIND_SPEED,1.9,2.5,1.6,1.3,0.9,1.5,2.4,4,3.8,5,4.9,3.9,1.9,4,3.7,3.3,2.2,3.1,2.5,2.1,1.9,1.8,1.5,1.5
2014/6/5,豐原,WS_HR,2.3,2.4,2,1.2,1,0.9,2.4,3.3,4.1,4.4,4.4,3.8,2.7,2.1,3.7,2.9,2.8,2.5,2.7,2.3,1.7,1.2,1.4,1.4
2014/6/6,豐原,AMB_TEMP,26,26,26,25,23,23,24,24,25,27,28,29,30,31,30,28,27,26,26,25,25,25,25,25
2014/6/6,豐原,CH4,1.6,1.6,1.6,1.6,1.6,1.6,1.6,1.6,1.6,1.6,1.6,1.6,1.6,1.6,1.6,1.7,1.6,1.6,1.6,1.6,1.6,1.6,1.6,1.6
2014/6/6,豐原,CO,0.14,0.15,0.12,0.13,0.1,0.12,0.14,0.38,0.24,0.3,0.51,3.82,1.39,0.53,0.42,0.3,0.24,0.28,0.25,0.35,0.44,0.42,0.31,0.13
2014/6/6,豐原,NMHC,0.02,0.04,0.02,0.04,0.01,0.01,0.02,0.28,0.06,0.24,0.46,0.47,0.23,0.31,0.34,0.23,0.21,0.19,0.08,0.13,0.22,0.16,0.11,0.02
2014/6/6,豐原,NO,1.2,1.4,1.1,1.5,1,1,0.8,3.1,2.2,3,3.4,3.6,1.7,1.7,1.3,1.8,1.4,1.3,1.1,1,1.8,2.1,1.4,0.9
2014/6/6,豐原,NO2,2.5,3,2.6,3.9,3.7,3.1,3.4,13,7.3,7.7,14,14,10,16,19,18,16,12,9.3,11,12,15,9.7,3.4
2014/6/6,豐原,NOx,3.7,4.3,3.7,5.3,4.7,4.1,4.2,16,9.5,11,17,17,12,17,20,20,18,13,10,12,14,17,11,4.3
2014/6/6,豐原,O3,13,12,14,19,39,43,39,23,19,23,30,32,55,76,75,47,39,38,33,21,15,16,16,22
2014/6/6,豐原,PM10,16,38,30,34,20,20,9,2,2,10,11,15,12,9,31,49,56,46,31,24,8,0,12,17
2014/6/6,豐原,PM2.5,4,6,7,13,12,16,12,10,2,3,9,17,13,12,15,27,31,22,14,14,16,15,13,14
2014/6/6,豐原,RAINFALL,NR,1.6,NR,NR,18,4.8,2.4,1,0.6,NR,NR,NR,NR,NR,NR,NR,0.4,0.6,NR,NR,0.6,5,3.6,4.8
2014/6/6,豐原,RH,86,87,86,87,91,90,89,90,85,74,74,75,63,60,69,83,86,89,89,90,92,93,94,93
2014/6/6,豐原,SO2,2.6,2.4,1.9,1.9,2.2,2.6,2.4,3.8,2.9,3.4,3.1,3.1,2.7,3.4,6.1,6.4,5.4,3.8,3.1,3,7.1,3.3,2.3,2
2014/6/6,豐原,THC,1.6,1.6,1.6,1.6,1.6,1.6,1.6,1.9,1.6,1.8,2.1,2.1,1.8,1.9,2,1.9,1.8,1.8,1.7,1.7,1.8,1.8,1.7,1.6
2014/6/6,豐原,WD_HR,123,154,161,306,99,113,106,183,116,161,202,204,198,236,293,311,313,52,81,109,187,148,104,125
2014/6/6,豐原,WIND_DIREC,127,138,199,320,110,95,105,51,123,173,191,232,178,261,309,313,338,55,49,126,192,159,120,135
2014/6/6,豐原,WIND_SPEED,2.4,1.1,1.1,1.8,3,2.2,2.3,2,4.3,1.2,1.2,1.4,1.8,2.6,3.1,3.2,2.6,1.7,0.7,1.2,2.7,1.2,1.7,2.4
2014/6/6,豐原,WS_HR,1.8,1.3,1.7,0.2,1.6,2.4,2.3,0.8,2.9,1.3,1.2,1,1.6,1.6,2.2,3,1.2,0.7,0.6,1.1,2,1.4,1.1,2.3
2014/6/7,豐原,AMB_TEMP,25,25,25,24,24,24,25,26,28,30,31,32,32,30,29,29,26,26,26,26,26,26,26,26
2014/6/7,豐原,CH4,1.6,1.6,1.6,1.6,1.6,1.6,1.6,1.6,1.6,1.7,1.6,1.6,1.6,1.7,1.6,1.6,1.6,1.6,1.6,1.6,1.6,1.6,1.7,1.7
2014/6/7,豐原,CO,0.11,0.1,0.11,0.09,0.1,0.21,0.31,0.46,0.7,0.56,0.43,0.34,0.27,0.32,0.3,0.34,0.29,0.33,0.21,0.17,0.26,0.22,0.22,0.37
2014/6/7,豐原,NMHC,0.01,0.01,0.04,0.03,0.02,0.06,0.1,0.24,0.33,0.47,0.42,0.3,0.2,0.23,0.24,0.15,0.33,0.31,0.07,0.05,0.08,0.06,0.06,0.13
2014/6/7,豐原,NO,1,0.9,1.3,1.8,1.6,2.3,3.2,6.7,7.2,3.8,3.5,2.3,2.7,2.3,2.7,2.9,2.4,3.1,2.2,1.8,2.5,2.7,2,1.7
2014/6/7,豐原,NO2,2.3,1.8,2.3,1.7,1.9,4.1,5.2,8.3,14,14,12,8.7,8.2,9.9,9.3,13,10,13,5.7,4.3,7.1,6.4,5.7,9.3
2014/6/7,豐原,NOx,3.3,2.7,3.5,3.5,3.5,6.4,8.4,15,21,18,16,11,11,12,12,16,13,16,8,6.1,9.5,9,7.7,11
2014/6/7,豐原,O3,22,19,14,9.6,8.5,6.8,8.4,8.6,22,40,42,54,50,48,45,37,25,19,24,24,17,21,18,12
2014/6/7,豐原,PM10,22,17,23,26,28,26,39,43,34,25,25,41,32,35,31,45,34,34,23,27,24,22,27,25
2014/6/7,豐原,PM2.5,11,5,0,0,0,0,0,0,2,4,6,4,6,11,18,19,12,4,0,4,6,9,13,15
2014/6/7,豐原,RAINFALL,0.2,NR,NR,NR,NR,NR,NR,NR,NR,NR,NR,NR,NR,0.6,NR,0.2,1.2,2.4,0.6,0.6,NR,NR,NR,NR
2014/6/7,豐原,RH,90,86,87,92,92,92,89,85,75,66,59,54,53,70,77,75,86,94,91,90,91,87,86,90
2014/6/7,豐原,SO2,1.9,1.5,1.9,1.3,1.8,2.3,3.2,3,3.9,3.1,2.2,1.9,2.3,3.2,2.6,7.4,4.1,3.4,2.3,2.3,2.6,2.4,1.8,1.7
2014/6/7,豐原,THC,1.6,1.6,1.6,1.6,1.6,1.6,1.7,1.8,2,2.1,2,1.9,1.8,1.9,1.9,1.7,1.9,1.9,1.7,1.6,1.7,1.7,1.7,1.8
2014/6/7,豐原,WD_HR,110,114,114,117,110,115,140,348,201,198,208,206,212,237,235,283,219,200,179,148,159,170,170,171
2014/6/7,豐原,WIND_DIREC,108,291,90,112,97,101,91,254,190,191,187,223,220,195,268,294,207,181,176,127,170,171,140,164
2014/6/7,豐原,WIND_SPEED,2.3,0.9,1.2,2,1.1,1.4,1.6,1.4,2.1,3.5,3.4,4.3,3,2.8,2.3,3.3,2.9,2.9,3.3,1.9,2.3,1.5,1.1,1.3
2014/6/7,豐原,WS_HR,1.9,2,0.9,1.3,1.7,1.2,0.8,0.3,1.6,2.7,2.6,3.5,3.1,2.6,1.2,2.1,3,3.4,3.2,2,1.2,1.7,1,1.5
2014/6/8,豐原,AMB_TEMP,26,26,25,25,25,25,25,26,27,29,30,30,29,29,29,29,29,27,26,26,26,26,26,25
2014/6/8,豐原,CH4,1.7,1.7,1.6,1.6,1.6,1.6,1.6,1.6,1.6,1.6,1.6,1.6,1.6,1.6,1.6,1.6,1.6,1.6,1.6,1.6,1.6,1.6,1.6,1.6
2014/6/8,豐原,CO,0.28,0.23,0.22,0.17,0.16,0.26,0.27,0.27,0.18,0.19,0.23,0.25,0.22,0.2,0.2,0.15,0.18,0.24,0.16,0.14,0.13,0.13,0.23,0.18
2014/6/8,豐原,NMHC,0.11,0.09,0.08,0.06,0.05,0.14,0.12,0.19,0.05,0.05,0.08,0.07,0.05,0.04,0.03,0.02,0.03,0.06,0.02,0.01,0,0,0.06,0.04
2014/6/8,豐原,NO,1.7,1.8,1.6,1,1.1,1.6,2.6,2.8,1.8,1.4,1.2,1.3,1.2,1.1,1.6,1.1,1,1.1,0.9,1,0.9,0.8,0.9,0.7
2014/6/8,豐原,NO2,7.9,6.1,5.6,3.6,3.6,5.1,6.7,6.9,4.1,4.2,4.6,5.3,6.9,5.8,7.7,3.5,4.1,5.9,3.4,2.3,2.2,2.2,6,3.3
2014/6/8,豐原,NOx,9.6,7.9,7.3,4.6,4.7,6.8,9.3,9.7,5.9,5.6,5.7,6.6,8,6.9,9.3,4.5,5,7,4.3,3.2,3,3,6.9,4
2014/6/8,豐原,O3,13,13,8.3,8.4,8.7,5.8,6.2,8.2,19,29,38,45,50,54,45,46,44,36,40,41,36,34,25,17
2014/6/8,豐原,PM10,28,32,35,35,38,29,36,23,23,17,19,36,54,45,38,20,22,18,17,23,27,40,39,35
2014/6/8,豐原,PM2.5,17,12,11,6,3,0,3,3,2,0,0,10,17,23,12,12,12,16,8,8,10,18,17,16
2014/6/8,豐原,RAINFALL,NR,NR,NR,NR,NR,NR,NR,NR,NR,NR,NR,NR,NR,NR,NR,NR,NR,3.2,3.8,0.6,NR,NR,NR,NR
2014/6/8,豐原,RH,91,91,93,94,93,94,92,88,82,74,65,66,74,74,74,72,73,85,89,86,85,82,83,90
2014/6/8,豐原,SO2,2.1,2.7,2.1,2,2.4,2.9,3.1,3.2,3,2.7,2.1,1.7,2.6,3.7,4.3,2.8,3.3,3.4,3.3,3.4,3.4,3.3,3,2.2
2014/6/8,豐原,THC,1.8,1.8,1.7,1.7,1.6,1.7,1.8,1.8,1.6,1.6,1.7,1.7,1.7,1.6,1.6,1.6,1.6,1.6,1.6,1.6,1.6,1.6,1.7,1.6
2014/6/8,豐原,WD_HR,180,150,101,110,119,102,37,349,26,331,226,275,313,308,312,344,58,96,99,86,93,88,171,114
2014/6/8,豐原,WIND_DIREC,168,115,111,115,130,83,40,42,332,334,209,303,315,304,305,45,65,101,94,94,91,95,122,124
2014/6/8,豐原,WIND_SPEED,1.7,1.4,1.3,1.4,1.1,0.9,1.6,1.1,1.1,1.3,2,2.7,4,3.8,2.3,1.6,2,3.7,3.8,2.4,4,2.4,1.8,2
2014/6/8,豐原,WS_HR,1.7,1.1,0.9,1.3,1.3,1.1,0.5,0.4,0.5,0.8,1.2,1.3,3,2.8,2.2,0.7,1.4,1.9,3.7,2.7,3.9,2.9,0.9,1.6
2014/6/9,豐原,AMB_TEMP,25,25,25,25,25,25,26,28,29,30,31,31,31,31,31,30,29,29,28,27,27,27,26,26
2014/6/9,豐原,CH4,1.6,1.7,1.7,1.7,1.6,1.6,1.6,1.6,1.6,1.6,1.6,1.6,1.6,1.6,1.6,1.6,1.6,1.6,1.6,1.6,1.6,1.6,1.7,1.6
2014/6/9,豐原,CO,0.23,0.36,0.34,0.33,0.24,0.22,0.27,0.33,0.28,0.23,0.19,0.19,0.23,0.22,0.21,0.19,0.2,0.25,0.25,0.26,0.26,0.28,0.26,0.24
2014/6/9,豐原,NMHC,0.06,0.1,0.1,0.14,0.06,0.04,0.06,0.07,0.07,0.12,0.07,0.06,0.07,0.06,0.1,0.12,0.14,0.1,0.11,0.09,0.14,0.17,0.14,0.1
2014/6/9,豐原,NO,0.8,0.7,1,1,0.6,0.4,2,1.9,1.6,1,0.7,0.5,0.6,0.7,0.8,0.7,0.8,0.7,0.6,0.8,0.5,0.4,0.5,0.4
2014/6/9,豐原,NO2,4.3,8.1,8.2,7.2,4.8,3.7,5.5,5.9,5.4,4.3,2.8,2.5,4.9,4.1,3.7,3.2,4,5.1,8,8.5,8.1,7.5,6.1,5.3
2014/6/9,豐原,NOx,5.1,8.8,9.2,8.2,5.4,4.1,7.6,7.7,7,5.2,3.5,3,5.5,4.9,4.4,3.9,4.7,5.8,8.5,9.3,8.6,7.9,6.6,5.8
2014/6/9,豐原,O3,12,7.7,10,10,14,15,14,22,30,34,35,43,50,52,46,41,35,33,26,22,19,15,14,15
2014/6/9,豐原,PM10,23,25,20,40,48,52,30,16,19,23,23,21,24,15,16,13,13,13,30,30,38,14,14,19
2014/6/9,豐原,PM2.5,8,3,6,7,7,0,0,0,0,8,11,16,7,5,4,7,10,12,11,14,11,14,13,19
2014/6/9,豐原,RAINFALL,NR,NR,NR,NR,NR,NR,NR,NR,NR,NR,NR,NR,NR,NR,NR,NR,NR,NR,NR,NR,NR,NR,NR,NR
2014/6/9,豐原,RH,92,93,94,94,94,89,87,77,71,69,65,63,65,65,67,71,75,75,81,84,83,85,88,88
2014/6/9,豐原,SO2,2,1.1,1.5,1.7,2.2,2.4,2.5,2.4,2.2,1.9,1.1,0.9,1,1,0.9,0.9,1.9,1.9,2.3,2.5,2.6,2.6,1.8,1.7
2014/6/9,豐原,THC,1.7,1.8,1.8,1.8,1.7,1.7,1.7,1.7,1.7,1.7,1.7,1.7,1.7,1.7,1.7,1.7,1.7,1.7,1.7,1.7,1.8,1.8,1.8,1.8
2014/6/9,豐原,WD_HR,116,129,137,50,87,66,67,350,330,319,333,11,94,98,94,343,27,348,59,70,61,0.4,61,56
2014/6/9,豐原,WIND_DIREC,121,119,119,103,92,55,37,42,318,327,78,310,121,73,109,96,311,317,55,64,63,51,78,66
2014/6/9,豐原,WIND_SPEED,1.6,1,0.9,0.7,2.9,1.3,1.3,1.7,1.4,3,2.3,4.4,3.3,3.6,3,3.7,3.1,3.3,3.3,2,2.2,1.4,1.8,1.7
2014/6/9,豐原,WS_HR,1.8,1,0.9,0.3,1.8,0.9,1.3,0.7,0.7,1.5,0.8,0.4,0.6,1.3,1,0.2,1,0.9,1.3,1,0.9,0.5,0.4,1.2
2014/6/10,豐原,AMB_TEMP,26,26,26,26,26,26,25,26,26,27,28,28,29,30,30,29,28,27,27,26,26,26,26,25
2014/6/10,豐原,CH4,1.7,1.7,1.7,1.7,1.6,1.6,1.6,1.6,1.6,1.6,1.6,1.6,1.6,1.6,1.6,1.6,1.6,1.6,1.6,1.6,1.6,1.6,1.6,1.6
2014/6/10,豐原,CO,0.23,0.24,0.24,0.23,0.2,0.19,0.19,0.26,0.24,0.22,0.23,0.22,0.2,0.18,0.17,0.17,0.19,0.22,0.22,0.19,0.21,0.24,0.22,0.21
2014/6/10,豐原,NMHC,0.06,0.17,0.21,0.22,0.14,0.16,0.1,0.12,0.09,0.1,0.13,0.09,0.08,0.08,0.08,0.08,0.17,0.2,0.17,0.24,0.18,0.12,0.11,0.07
2014/6/10,豐原,NO,0.3,0.2,0,0.9,0.8,0.9,0.8,1.6,1.9,1.6,1.6,1.8,1.3,1.1,1.1,1.5,1.5,1.4,1,1.1,1.1,0.9,0.8,1
2014/6/10,豐原,NO2,4.6,4.6,4.5,5.2,4.9,5.3,6,6.3,7.3,6.2,6.1,5.9,4.5,3.6,3.8,4,4.9,6.7,7.4,6.4,6.2,6.9,6.6,5.5
2014/6/10,豐原,NOx,4.9,4.8,4.5,6.2,5.6,6.2,6.8,7.8,9.3,7.7,7.7,7.8,5.8,4.7,4.9,5.5,6.3,8.1,8.4,7.5,7.3,7.8,7.4,6.5
2014/6/10,豐原,O3,17,16,14,13,14,16,18,18,20,25,30,35,45,51,50,43,34,29,26,25,23,20,19,16
2014/6/10,豐原,PM10,17,17,7,7,8,2,7,6,15,9,14,5,20,37,50,59,60,58,39,25,22,35,35,32
2014/6/10,豐原,PM2.5,12,13,6,6,4,9,13,9,6,4,11,10,14,9,11,10,15,10,10,3,3,2,2,2
2014/6/10,豐原,RAINFALL,NR,NR,NR,NR,NR,NR,NR,NR,NR,NR,NR,NR,NR,NR,NR,NR,NR,NR,NR,NR,NR,NR,NR,NR
2014/6/10,豐原,RH,89,89,88,90,90,89,89,86,83,79,79,78,72,68,69,71,74,78,82,83,84,85,87,88
2014/6/10,豐原,SO2,1.6,1.9,1.3,1.3,2,2.7,2.6,2.5,2.8,2.8,1.9,1.6,1.4,1.4,1.1,1.5,2,2.3,2.8,2.9,3,3.1,2.4,2.1
2014/6/10,豐原,THC,1.7,1.8,1.9,1.9,1.8,1.8,1.7,1.7,1.7,1.7,1.7,1.7,1.7,1.7,1.7,1.7,1.8,1.8,1.8,1.8,1.8,1.7,1.7,1.7
2014/6/10,豐原,WD_HR,68,57,31,16,48,11,7.2,329,66,66,313,68,17,32,49,96,100,112,297,100,52,48,45,51
2014/6/10,豐原,WIND_DIREC,60,64,331,0.5,41,67,306,60,334,47,280,3.9,35,259,111,74,77,317,162,142,59,55,56,44
2014/6/10,豐原,WIND_SPEED,1.7,1.4,1.2,1.3,1.2,2,2.2,2,1.9,1.9,2.7,2.8,2.3,2.8,3.9,3.1,2.8,2.2,2.1,2.2,1.2,1.5,1.4,1.1
2014/6/10,豐原,WS_HR,0.9,0.5,0.4,0.4,0.5,0.3,0.4,0.5,1.1,0.9,0.9,0.7,0.3,0.5,0.4,0.9,0.8,0.6,0.4,0.2,0.3,0.7,0.7,1.1
2014/6/11,豐原,AMB_TEMP,25,25,25,25,25,25,26,26,27,28,29,29,29,29,29,28,28,28,27,26,26,26,26,25
2014/6/11,豐原,CH4,1.6,1.6,1.6,1.6,1.6,1.6,1.6,1.6,1.6,1.6,1.6,1.6,1.6,1.6,1.6,1.6,1.6,1.6,1.6,1.6,1.7,1.6,1.6,1.7
2014/6/11,豐原,CO,0.2,0.18,0.18,0.16,0.14,0.15,0.16,0.21,0.18,0.17,0.18,0.2,0.2,0.2,0.21,0.22,0.21,0.22,0.25,0.29,0.27,0.2,0.2,0.22
2014/6/11,豐原,NMHC,0.11,0.12,0.12,0.14,0.09,0.07,0.15,0.13,0.09,0.1,0.09,0.07,0.07,0.11,0.11,0.13,0.08,0.06,0.08,0.13,0.15,0.05,0.05,0.08
2014/6/11,豐原,NO,0.7,0.7,0.8,1.7,1.9,2.2,2.3,2.4,2.5,2.3,2.2,2.2,2.2,2.1,2.2,2.5,2.5,2.2,2.2,1.8,2,1.8,1.8,1.8
2014/6/11,豐原,NO2,5.2,4.6,4.4,4,4.5,5.5,5.2,5,4.8,4,4,4.1,3.9,3.7,4.2,4.7,4.7,5,7,7.9,8.5,5.4,4.9,5.7
2014/6/11,豐原,NOx,5.9,5.3,5.1,5.7,6.4,7.6,7.5,7.4,7.3,6.3,6.2,6.3,6.1,5.8,6.4,7.2,7.2,7.2,9.2,9.7,11,7.2,6.6,7.5
2014/6/11,豐原,O3,15,16,16,18,16,18,25,29,32,34,39,45,48,50,47,40,37,35,28,23,19,21,20,16
2014/6/11,豐原,PM10,31,24,36,19,39,22,22,19,31,52,44,33,12,1,30,46,46,22,12,12,17,15,15,6
2014/6/11,豐原,PM2.5,0,0,0,10,10,10,1,9,11,9,1,9,16,16,6,4,5,11,8,6,11,9,12,1
2014/6/11,豐原,RAINFALL,NR,NR,NR,NR,NR,NR,NR,NR,NR,NR,NR,NR,NR,NR,NR,NR,NR,NR,NR,NR,NR,NR,NR,NR
2014/6/11,豐原,RH,88,88,89,89,89,89,87,83,78,74,71,68,67,67,69,70,71,72,75,79,83,82,82,83
2014/6/11,豐原,SO2,2.1,1.4,1.3,1.2,2.1,2.8,2.7,2.6,2.5,2.3,1.6,1.4,1.1,1.3,1.3,1.2,2,2.4,2.8,2.8,2.9,2.9,2,1.9
2014/6/11,豐原,THC,1.7,1.7,1.8,1.8,1.7,1.7,1.8,1.8,1.7,1.7,1.7,1.7,1.7,1.7,1.7,1.8,1.7,1.7,1.7,1.8,1.8,1.7,1.7,1.7
2014/6/11,豐原,WD_HR,46,53,49,48,40,48,314,315,309,314,326,341,53,63,63,93,71,55,70,57,47,66,61,54
2014/6/11,豐原,WIND_DIREC,324,47,62,47,347,45,335,304,302,322,321,90,350,67,246,169,61,58,64,55,48,60,323,5.5
2014/6/11,豐原,WIND_SPEED,1.2,1.2,1.3,1.1,0.7,1,2.4,2.3,3.2,2.9,2.7,2.9,3,3,3.5,2.7,3.4,2.8,2,1.3,2,1.5,0.9,1
2014/6/11,豐原,WS_HR,0.6,0.7,0.7,0.6,0.6,0.5,0.7,0.2,1,0.8,1.2,0.5,0.5,0.6,1,0.9,2.1,3.1,1.3,0.7,0.5,1,0.8,0.4
2014/6/12,豐原,AMB_TEMP,25,25,25,25,26,25,26,28,30,29,31,32,32,33,33,32,31,31,29,28,27,27,26,26
2014/6/12,豐原,CH4,1.7,1.6,1.6,1.6,1.6,1.7,1.7,1.7,1.7,1.7,1.7,1.6,1.6,1.6,1.7,1.8,1.9,1.8,1.7,1.8,1.8,1.8,1.7,1.8
2014/6/12,豐原,CO,0.18,0.17,0.16,0.15,0.18,0.24,0.32,0.48,0.34,0.25,0.23,0.24,0.24,0.23,0.24,0.3,0.34,0.43,0.48,0.57,0.6,0.58,0.6,0.63
2014/6/12,豐原,NMHC,0.05,0.03,0.02,0.02,0.02,0.14,0.12,0.23,0.2,0.13,1.3,0.12,0.07,0.08,0.09,0.16,0.23,0.25,0.27,0.3,0.3,0.26,0.24,0.25
2014/6/12,豐原,NO,1.9,1.7,1.9,1.6,1.7,2,3.8,6.3,4.3,4.4,2.3,1.8,1.6,1.5,1.7,2.5,2.7,1.9,1.9,1.9,2,2,2,1.9
2014/6/12,豐原,NO2,4.7,3.8,3,1.8,2.1,4.7,7.6,10,7.6,8.3,4.9,3.9,3.8,3.4,5.7,16,19,17,22,23,21,20,18,16
2014/6/12,豐原,NOx,6.7,5.6,4.8,3.5,3.8,6.8,11,17,12,13,7.2,5.6,5.5,4.8,7.5,18,21,19,24,25,23,22,20,18
2014/6/12,豐原,O3,16,17,18,21,23,12,9.1,14,24,25,31,45,55,61,72,67,59,55,38,28,21,19,21,18
2014/6/12,豐原,PM10,12,17,15,18,15,15,10,23,33,29,46,46,35,60,35,48,42,58,59,72,58,50,24,37
2014/6/12,豐原,PM2.5,1,0,0,0,0,5,4,6,4,4,14,14,16,21,11,25,36,37,32,32,33,27,21,32
2014/6/12,豐原,RAINFALL,NR,NR,NR,NR,NR,NR,NR,NR,NR,NR,NR,NR,NR,NR,NR,NR,NR,NR,NR,NR,NR,NR,NR,NR
2014/6/12,豐原,RH,83,84,84,82,81,83,81,74,67,65,58,55,51,48,45,54,56,59,67,70,76,80,81,82
2014/6/12,豐原,SO2,1.9,1.5,1.6,1.5,2.2,2.6,2.7,2.8,3,3.8,-0.3,-0.2,2.2,2.2,3.3,6.1,7.8,6,6.1,5.6,5.4,5.1,4,3.7
2014/6/12,豐原,THC,1.7,1.7,1.7,1.7,1.7,1.8,1.8,1.9,1.8,1.8,3,1.8,1.7,1.7,1.8,2,2.2,2.1,2,2.1,2.1,2,2,2
2014/6/12,豐原,WD_HR,44,57,64,86,73,25,43,354,317,308,309,313,311,310,312,310,308,300,286,143,125,117,118,117
2014/6/12,豐原,WIND_DIREC,23,53,73,66,64,57,57,318,310,306,311,313,312,305,309,301,314,287,271,126,121,117,120,110
2014/6/12,豐原,WIND_SPEED,1.1,1.7,2.2,2.3,1.3,1.6,1.6,1.6,2.8,3.2,2.3,3.7,3.5,3.4,3.1,2.5,2.1,2.1,1,1.3,2.1,2.4,2.3,1.4
2014/6/12,豐原,WS_HR,0.5,1.4,2.3,2.3,2,0.4,0.7,0.5,1.6,2.2,1.5,2.7,2.6,2.1,1.9,2.9,1.9,1.8,1.5,0.4,1.8,2,2.1,1.9
2014/6/13,豐原,AMB_TEMP,26,26,27,27,26,27,27,28,30,31,32,33,33,30,30,29,29,27,26,25,25,26,26,26
2014/6/13,豐原,CH4,1.8,1.8,1.8,1.7,1.7,1.7,1.7,1.7,1.7,1.7,1.7,1.7,1.7,1.7,1.6,1.7,1.7,1.6,1.6,1.6,1.6,1.6,1.6,1.6
2014/6/13,豐原,CO,0.63,0.63,0.58,0.49,0.39,0.51,0.56,0.58,0.46,0.41,0.41,0.39,0.35,0.35,0.4,1.24,3.21,0.73,0.29,0.25,0.26,0.26,0.24,0.22
2014/6/13,豐原,NMHC,0.25,0.24,0.25,0.19,0.14,0.2,0.22,0.21,0.17,0.13,0.14,0.15,0.11,0.08,0.11,0.29,0.52,0.18,0.04,0.02,0.05,0.04,0.05,0.05
2014/6/13,豐原,NO,1.8,1.7,1.8,0.6,0.3,0.6,0.9,2.8,1.8,1.3,0.6,1.4,0.9,0.6,0.4,1.2,2.8,5.6,0.6,0.9,0.7,0.5,0.4,0.5
2014/6/13,豐原,NO2,16,15,15,11,9,11,13,15,16,12,10,15,10,7.6,7.3,12,20,15,7.1,6.3,6.5,6.3,6.3,4.3
2014/6/13,豐原,NOx,18,17,17,11,9.3,12,14,18,18,14,11,17,11,8.2,7.7,13,22,21,7.8,7.1,7.2,6.8,6.7,4.8
2014/6/13,豐原,O3,14,15,19,20,21,22,23,35,52,69,77,78,93,69,57,53,55,52,50,45,33,27,23,20
2014/6/13,豐原,PM10,50,55,50,54,38,65,72,79,65,61,101,82,83,36,39,30,62,53,57,37,48,47,46,30
2014/6/13,豐原,PM2.5,34,29,24,20,25,21,27,31,28,25,33,39,39,27,35,45,62,56,44,31,20,21,9,14
2014/6/13,豐原,RAINFALL,NR,NR,NR,NR,NR,NR,NR,NR,NR,NR,NR,NR,NR,NR,NR,NR,NR,NR,0.2,0.8,1.2,NR,NR,NR
2014/6/13,豐原,RH,83,83,82,84,86,82,79,73,68,62,61,57,55,64,73,78,75,77,82,85,88,88,86,86
2014/6/13,豐原,SO2,2.3,2.4,2.9,2.7,3,3.7,3.7,3.4,5.3,5.3,3.9,5.2,3.2,1.9,1.6,7.7,13,5.1,2.6,2.4,2.3,2.2,1.1,1.2
2014/6/13,豐原,THC,2,2,2,1.9,1.8,1.9,2,1.9,1.9,1.8,1.8,1.9,1.8,1.7,1.7,1.9,2.2,1.8,1.7,1.7,1.7,1.6,1.6,1.6
2014/6/13,豐原,WD_HR,120,131,129,105,108,93,56,337,307,313,317,300,294,133,128,190,202,190,164,161,108,90,76,101
2014/6/13,豐原,WIND_DIREC,120,167,118,103,113,80,25,314,346,327,298,291,289,124,168,191,198,182,151,158,90,79,97,129
2014/6/13,豐原,WIND_SPEED,1.8,1.3,1.3,1.4,1.5,2,1.1,2,1.6,2.3,2.4,2.3,1.6,2.6,2.4,2.4,3.7,3.6,2.2,2.1,1.5,1.5,1.7,0.8
2014/6/13,豐原,WS_HR,1.8,1.3,1.1,1.2,1.5,1.6,1,0.7,1.3,1,1.5,2.1,2,2.5,1.8,2.6,3.5,3.4,2.6,2.4,1.5,1.2,1,0.9
2014/6/14,豐原,AMB_TEMP,26,26,26,25,25,25,26,26,28,30,30,30,28,27,28,27,27,27,26,26,26,26,26,26
2014/6/14,豐原,CH4,1.6,1.6,1.6,1.6,1.6,1.7,1.7,1.8,1.7,1.8,1.8,1.7,1.7,1.7,1.7,1.7,1.7,1.7,1.7,1.7,1.7,1.7,1.8,1.8
2014/6/14,豐原,CO,0.22,0.18,0.17,0.15,0.18,0.29,0.54,0.57,0.5,0.67,0.64,0.55,0.52,0.37,0.33,0.33,0.34,0.44,0.41,0.36,0.36,0.5,0.49,0.56
2014/6/14,豐原,NMHC,0.07,0.04,0.05,0.04,0.06,0.09,0.23,0.27,0.24,0.51,0.4,0.5,0.21,0.14,0.15,0.13,0.2,0.5,0.22,0.13,0.08,0.13,0.17,0.22
2014/6/14,豐原,NO,0.5,0.5,0.6,0.7,0.7,2.6,5.1,6,4.6,3.8,2.8,1.8,1.2,1.1,1.5,1.4,2,2.3,7.3,3.3,1.6,5.5,1.2,1
2014/6/14,豐原,NO2,4.8,4,4,2.5,3.6,5.9,9.8,12,11,18,20,17,13,16,10,13,15,16,21,16,11,14,17,17
2014/6/14,豐原,NOx,5.3,4.5,4.5,3.2,4.2,8.5,15,18,16,22,23,18,15,18,12,14,17,18,28,19,13,20,18,18
2014/6/14,豐原,O3,14,17,11,8.3,7.5,6.2,6.1,9.7,20,42,52,66,75,58,57,45,43,35,27,29,26,18,13,9.9
2014/6/14,豐原,PM10,28,17,17,0,2,8,8,13,27,38,64,61,63,52,46,52,49,55,36,30,47,55,72,44
2014/6/14,豐原,PM2.5,6,15,9,8,0,0,0,0,0,7,29,42,54,57,56,45,25,26,24,25,18,19,15,16
2014/6/14,豐原,RAINFALL,NR,NR,NR,NR,NR,NR,NR,NR,NR,NR,NR,0.2,0.6,1,0.2,0.6,0.6,NR,NR,NR,NR,NR,NR,NR
2014/6/14,豐原,RH,89,85,88,90,89,89,89,89,82,71,71,71,82,90,90,91,94,94,94,94,94,95,95,99
2014/6/14,豐原,SO2,1.3,2,2.4,2,3.2,3.5,4,4.7,4.4,4.7,4.4,4.3,3.8,3.9,2.8,2.8,3.5,3.9,3.7,3.4,3.3,3.3,3.1,3.6
2014/6/14,豐原,THC,1.7,1.6,1.7,1.6,1.7,1.7,2,2,2,2.3,2.2,2.2,1.9,1.8,1.8,1.8,1.9,2.2,1.9,1.8,1.8,1.8,1.9,2
2014/6/14,豐原,WD_HR,91,121,113,113,135,152,174,208,303,214,242,223,303,314,314,305,53,330,356,43,50,33,283,212
2014/6/14,豐原,WIND_DIREC,56,173,92,119,120,158,175,232,263,207,261,290,311,347,315,312,20,327,73,47,65,80,292,210
2014/6/14,豐原,WIND_SPEED,1.8,1.1,1.1,0.6,1.8,0.9,1.6,1,1.4,2.9,2.1,2.1,2,1.8,2.2,2.1,1.1,1.6,1.4,1.4,1.1,0.7,0.8,1.9
2014/6/14,豐原,WS_HR,1.3,1,0.9,1.3,0.9,0.9,1,1.1,0.6,2.3,1.5,1.7,1.4,1.8,1.1,1,0.5,0.7,0.4,0.4,0.7,0.6,0.8,1.2
2014/6/15,豐原,AMB_TEMP,26,26,26,26,26,26,26,26,27,27,28,29,30,29,29,26,27,27,27,27,26,26,26,26
2014/6/15,豐原,CH4,1.7,1.8,1.7,1.7,1.7,1.7,1.8,1.7,1.7,1.6,1.6,1.6,1.6,1.6,1.6,1.6,1.6,1.6,1.6,1.6,1.6,1.6,1.6,1.6
2014/6/15,豐原,CO,0.6,0.55,0.39,0.38,0.41,0.42,0.44,0.49,0.46,0.35,0.36,0.29,0.29,0.27,0.32,0.28,0.3,0.25,0.27,0.28,0.3,0.26,0.25,0.24
2014/6/15,豐原,NMHC,0.25,0.26,0.12,0.14,0.17,0.19,0.15,0.11,0.08,0.05,0.05,0.04,0.05,0.04,0.07,0.11,0.08,0.05,0.06,0.05,0.07,0.06,0.06,0.05
2014/6/15,豐原,NO,1.2,1,0.8,1.2,0.8,1.2,1.7,2.3,3.3,2.5,4.4,1.7,1.8,1.1,1.6,1.2,1.6,1.3,1.1,1,1.2,1.4,1.4,1.1
2014/6/15,豐原,NO2,13,13,6.2,5.6,6.6,8.9,9.7,11,11,8.3,11,6.4,8.2,4.8,12,7.9,6.7,4.1,4.4,4.6,5.3,5,4.5,3.6
2014/6/15,豐原,NOx,15,14,6.9,6.8,7.3,10,11,13,14,11,16,8.1,10,5.9,13,9,8.3,5.3,5.5,5.6,6.5,6.4,5.9,4.8
2014/6/15,豐原,O3,8.9,9,23,21,13,8,13,20,20,28,29,42,45,49,41,39,31,25,24,22,15,13,11,11
2014/6/15,豐原,PM10,51,32,25,18,9,22,13,47,80,80,51,22,42,49,48,27,38,41,50,41,35,38,30,31
2014/6/15,豐原,PM2.5,14,26,24,32,34,35,35,37,50,42,34,25,22,22,14,11,7,9,17,20,16,9,1,5
2014/6/15,豐原,RAINFALL,0.2,NR,NR,NR,NR,NR,NR,NR,NR,NR,NR,NR,NR,NR,14,20,NR,NR,NR,NR,NR,NR,NR,NR
2014/6/15,豐原,RH,99,99,97,95,97,99,99,97,93,86,84,79,73,79,82,96,94,86,90,91,93,94,95,96
2014/6/15,豐原,SO2,2.6,2.4,1.5,1.8,2.9,2.7,3,4.7,5.5,5.8,5.1,3.8,4,2,4.9,1.8,3.1,2.4,2.4,2.5,2.4,2.4,1.4,1.5
2014/6/15,豐原,THC,2,2,1.8,1.8,1.9,1.9,1.9,1.8,1.8,1.7,1.7,1.6,1.6,1.6,1.7,1.7,1.7,1.6,1.6,1.6,1.7,1.7,1.7,1.7
2014/6/15,豐原,WD_HR,194,198,190,197,237,182,347,318,339,325,306,306,201,290,286,122,66,92,113,106,119,119,119,121
2014/6/15,豐原,WIND_DIREC,187,196,196,207,259,31,321,317,30,317,309,311,229,301,249,21,93,66,108,110,116,115,110,121
2014/6/15,豐原,WIND_SPEED,2.5,2.8,3.6,2.3,0.9,0.9,1.2,1.2,1.5,2.3,2.2,2.1,2,2.1,2.6,0.6,1.6,1.6,2.4,1.5,1.7,1.5,1.6,2
2014/6/15,豐原,WS_HR,2.2,1.9,3.7,2.3,0.3,0,0.6,1.2,0.7,0.8,2.5,1.8,0.8,1.6,1.3,0.5,1,1.3,2.2,2.1,1.6,1.7,1.7,1.9
2014/6/16,豐原,AMB_TEMP,26,26,25,25,25,25,26,29,30,31,32,33,33,34,33,33,32,31,30,30,29,29,28,28
2014/6/16,豐原,CH4,1.7,1.7,1.7,1.7,1.7,1.7,1.6,1.6,1.6,1.6,1.6,0,1.6,1.6,1.6,1.6,1.6,1.6,1.6,1.6,1.6,1.6,1.6,1.6
2014/6/16,豐原,CO,0.37,0.37,0.36,0.34,0.35,0.38,0.39,0.51,0.49,0.65,2.1,3.84,3.04,2.06,2.77,3.08,3.28,1.92,0.3,0.42,0.43,0.41,0.32,0.24
2014/6/16,豐原,NMHC,0.1,0.1,0.09,0.08,0.08,0.09,0.09,0.16,0.22,0.34,0.28,0.21,0.21,0.3,0.31,0.3,0.33,0.27,0.1,0.14,0.19,0.21,0.16,0.09
2014/6/16,豐原,NO,1.1,0.9,1.2,1.3,1.5,2,2.4,4.1,3.3,3,2.2,2.1,2.2,1.9,1.2,1.4,1.6,3.2,1.4,1.6,3.4,1.3,0.8,0.7
2014/6/16,豐原,NO2,6.4,7.2,6.9,5.9,5.6,5.6,4.8,9.7,10,9.9,7.5,7.1,6.6,5.4,9.5,9.2,11,13,8,10,14,10,8.8,6.4
2014/6/16,豐原,NOx,7.5,8.1,8.1,7.1,7.1,7.6,7.2,14,13,13,9.6,9.1,8.8,7.4,11,11,13,16,9.5,12,17,11,9.5,7
2014/6/16,豐原,O3,8.2,8.1,6.5,6.4,5.5,7.1,12,22,28,45,51,48,45,47,58,53,50,47,46,39,29,28,24,24
2014/6/16,豐原,PM10,28,23,25,25,25,11,13,26,23,35,22,62,62,59,72,68,83,98,90,66,51,37,36,23
2014/6/16,豐原,PM2.5,3,3,0,0,8,13,24,15,16,8,9,9,9,17,29,33,48,53,55,36,21,10,14,15
2014/6/16,豐原,RAINFALL,NR,NR,NR,NR,NR,NR,NR,NR,NR,NR,NR,NR,NR,NR,NR,NR,NR,NR,NR,NR,NR,NR,NR,NR
2014/6/16,豐原,RH,98,97,98,98,99,99,95,77,68,60,58,56,54,53,57,56,56,62,66,68,72,72,75,78
2014/6/16,豐原,SO2,1.2,1.3,1.3,1.2,2.1,2,2.1,2.8,2.6,4.2,1.8,2.4,6.5,7.5,8.8,9.4,12,9.7,2.8,4.2,3.3,3.2,3.5,2.8
2014/6/16,豐原,THC,1.8,1.8,1.8,1.8,1.8,1.7,1.7,1.8,1.9,2,1.9,0,1.8,1.9,1.9,1.9,2,1.9,1.7,1.8,1.8,1.9,1.8,1.7
2014/6/16,豐原,WD_HR,120,113,116,118,110,114,88,199,207,205,194,202,204,201,206,203,202,193,182,189,185,192,194,186
2014/6/16,豐原,WIND_DIREC,120,106,115,128,117,109,326,200,195,198,203,200,197,201,204,201,198,186,186,190,173,197,194,188
2014/6/16,豐原,WIND_SPEED,1.8,1.6,1.7,1.5,1.8,1.8,0.8,1.4,3.4,4.4,3.6,6.4,6.3,6.4,6.4,6.1,5.4,3.8,4,2.9,2.3,5,5.1,5.9
2014/6/16,豐原,WS_HR,1.7,1.7,1.7,1.8,1.8,1.6,0.8,0.8,2.1,3.5,3.6,4.8,5.5,6.3,5.8,5.5,5.1,4.4,3.8,3.8,2.6,3.5,5.3,5
2014/6/17,豐原,AMB_TEMP,28,28,27,27,27,27,27,27,27,29,30,31,30,31,33,33,32,31,30,29,29,28,28,28
2014/6/17,豐原,CH4,1.6,1.6,1.6,1.6,1.6,1.6,1.6,1.6,1.6,1.6,1.6,1.6,1.6,1.6,1.6,1.6,1.6,1.6,1.6,1.6,1.6,1.6,1.6,1.6
2014/6/17,豐原,CO,0.2,0.19,0.17,0.17,0.15,0.15,0.19,0.24,0.18,0.2,0.28,0.22,0.23,0.27,0.24,0.22,0.27,0.39,0.36,0.32,0.26,0.21,0.19,0.19
2014/6/17,豐原,NMHC,0.06,0.05,0.05,0.05,0.03,0.03,0.04,0.06,0.03,0.23,0.75,0.65,0.19,0.32,0.31,0.29,0.46,0.41,0.31,0.27,0.13,0.18,0.14,0.13
2014/6/17,豐原,NO,0.5,0.5,0.6,1.1,1.2,1.3,1.4,2.5,2,2.1,2.2,2.3,2.3,2.1,2.2,2,2.2,3.5,2.4,1.5,3.1,1.9,1.5,1.3
2014/6/17,豐原,NO2,4.7,3.4,3.1,2.3,2,2.1,2.5,4.3,3,3.9,8.1,5.2,4.4,7.2,6.9,5,7.2,11,9.7,8.5,7.4,5.8,5.8,5.6
2014/6/17,豐原,NOx,5.2,3.9,3.7,3.4,3.2,3.4,3.8,6.8,5,6,10,7.5,6.7,9.3,9.1,7,9.4,15,12,10,10,7.7,7.4,6.8
2014/6/17,豐原,O3,24,23,23,22,22,22,22,21,23,27,35,36,33,41,39,38,37,29,20,17,17,18,17,16
2014/6/17,豐原,PM10,13,12,26,31,32,22,41,56,70,57,37,19,18,30,55,55,65,42,34,17,27,27,31,46
2014/6/17,豐原,PM2.5,22,14,17,12,19,14,12,3,3,4,6,7,7,5,4,6,6,4,0,14,16,16,2,3
2014/6/17,豐原,RAINFALL,NR,NR,NR,NR,NR,NR,NR,NR,1,NR,NR,NR,NR,NR,NR,NR,NR,NR,NR,NR,NR,NR,NR,NR
2014/6/17,豐原,RH,79,79,80,82,82,80,80,82,84,79,73,66,73,67,60,56,59,67,72,77,80,82,83,82
2014/6/17,豐原,SO2,1.6,2.5,2.6,2.4,2,1.8,2.8,2.9,2.6,3.5,5.1,4.3,2.3,3.1,2.7,2.8,3.4,3.7,4.4,3.7,3.3,3.6,3.5,3.4
2014/6/17,豐原,THC,1.6,1.6,1.7,1.7,1.6,1.6,1.6,1.6,1.6,1.8,2.4,2.2,1.8,1.9,1.9,1.9,2.1,2,1.9,1.9,1.7,1.8,1.7,1.7
2014/6/17,豐原,WD_HR,186,190,192,190,186,182,186,183,176,189,200,199,194,202,205,203,203,206,204,194,188,190,194,192
2014/6/17,豐原,WIND_DIREC,185,188,189,191,188,183,184,186,177,202,195,198,190,197,205,203,201,209,200,186,188,189,199,190
2014/6/17,豐原,WIND_SPEED,5.1,5,4.8,4.1,4.5,4,5.1,4.7,4.5,4.2,5,5,4.2,5.5,6.4,6.5,5.1,4.5,4.6,3,4.3,5.3,5.6,5
2014/6/17,豐原,WS_HR,5.3,5.1,4.6,5.3,4.5,4,4.4,4.2,4.1,4.1,4.6,5.4,4.2,4.9,5.4,5.9,5.4,4.4,4.3,3.6,3.6,4.4,4.4,4.4
2014/6/18,豐原,AMB_TEMP,28,27,27,27,27,26,27,28,29,31,32,32,33,33,33,33,32,31,30,29,29,28,28,28
2014/6/18,豐原,CH4,1.6,1.6,1.6,1.6,1.6,1.6,1.6,1.6,1.6,1.6,1.6,1.6,1.6,1.6,1.6,1.6,1.6,1.6,1.6,1.6,1.6,1.6,1.6,1.6
2014/6/18,豐原,CO,0.15,0.16,0.16,0.15,0.15,0.19,0.25,0.32,0.39,0.38,0.46,5.4,1.94,1.85,1.12,0.61,0.63,2.01,2.97,0.44,0.2,0.24,0.25,0.16
2014/6/18,豐原,NMHC,0.05,0.05,0.03,0.02,0.02,0.04,0.09,0.15,0.28,0.35,0.37,0.39,0.23,0.24,0.27,0.25,0.23,0.26,0.33,0.13,0.05,0.07,0.08,0.04
2014/6/18,豐原,NO,1.2,0.9,1,0,0.2,0.4,1.7,2.7,2.6,2.5,1.9,1.5,1.3,1.1,1.3,1.1,1.5,5.2,2.5,1.3,2.4,2.2,2.5,0.1
2014/6/18,豐原,NO2,3.2,3.4,3.6,3.1,3.2,4,5.1,5.3,7.7,7.4,7.6,8.7,8.2,7,8,8.6,11,14,14,7.9,5.1,5.5,7.4,3.7
2014/6/18,豐原,NOx,4.4,4.3,4.6,3.1,3.4,4.4,6.8,8.1,10,9.9,9.5,10,9.5,8.1,9.3,9.7,12,19,16,9.2,7.5,7.8,9.9,3.8
2014/6/18,豐原,O3,17,16,16,17,16,14,14,15,21,29,36,44,44,45,43,45,39,25,17,17,17,15,13,17
2014/6/18,豐原,PM10,39,53,45,50,37,22,19,7,6,38,71,93,80,81,67,67,49,59,59,65,49,48,54,71
2014/6/18,豐原,PM2.5,5,5,4,2,5,11,21,26,21,20,25,27,29,29,35,36,31,29,22,14,8,6,14,10
2014/6/18,豐原,RAINFALL,NR,NR,NR,NR,NR,NR,NR,NR,NR,NR,NR,NR,NR,NR,NR,NR,NR,NR,NR,NR,NR,NR,NR,NR
2014/6/18,豐原,RH,81,82,84,84,86,88,87,83,76,67,60,59,59,59,62,63,63,64,69,74,74,77,80,78
2014/6/18,豐原,SO2,2.1,2.4,2.3,2.5,2.9,3.1,4.4,4.6,4,4.2,4.8,5.9,4.6,7.9,6.6,4.7,4.7,9.5,11,5.5,3.3,3.5,3.6,3.5
2014/6/18,豐原,THC,1.6,1.7,1.6,1.6,1.6,1.7,1.7,1.7,1.9,1.9,2,2,1.9,1.8,1.9,1.8,1.8,1.9,2,1.7,1.7,1.7,1.7,1.6
2014/6/18,豐原,WD_HR,183,174,173,186,184,182,189,197,199,200,199,201,206,208,217,225,227,210,200,191,180,187,177,187
2014/6/18,豐原,WIND_DIREC,172,170,179,193,183,183,192,196,200,202,198,201,216,209,229,219,228,206,194,179,186,186,174,184
2014/6/18,豐原,WIND_SPEED,4.1,3.9,3.7,4.3,3.2,3,3.9,4.5,4,6.5,5.7,4.7,4.1,5,3.9,4,3.8,4.2,4,2.6,3.4,2.7,3.4,3.5
2014/6/18,豐原,WS_HR,3.9,3.2,3.4,3.8,3.1,2.8,3.3,4.1,4.6,5.2,5,4.7,4.1,4.6,3.8,3.8,3.9,4,3.6,3.3,2.9,3,2.6,3.5
2014/6/19,豐原,AMB_TEMP,28,27,27,27,27,27,27,28,30,31,32,33,33,32,31,32,32,31,30,29,29,29,28,28
2014/6/19,豐原,CH4,1.6,1.6,1.6,1.6,1.6,1.6,1.6,1.6,1.6,1.6,1.6,1.6,1.6,1.6,1.6,1.6,1.6,1.6,1.6,1.6,1.6,1.6,1.6,1.6
2014/6/19,豐原,CO,0.17,0.2,0.2,0.17,0.18,0.24,0.3,0.45,0.48,0.4,0.3,0.25,0.29,0.26,0.37,0.38,0.33,0.38,0.34,0.25,0.2,0.2,0.2,0.21
2014/6/19,豐原,NMHC,0.05,0.06,0.06,0.03,0.02,0.06,0.15,0.2,0.28,0.51,0.54,0.45,0.21,0.27,0.19,0.19,0.32,0.28,0.19,0.11,0.05,0.05,0.06,0.1
2014/6/19,豐原,NO,0.2,0.3,0,1.5,1.3,3.3,4.5,5.4,4.4,3.6,3,2.3,2,1.5,1.6,1.9,2.8,6.3,3.3,3.1,2.1,1.8,1.2,1.3
2014/6/19,豐原,NO2,4,5.1,5.9,4.5,9.8,13,8,8.8,11,11,9.6,8.1,8.2,7.3,6.7,7,9.3,17,11,6.7,4.9,6.4,5.2,6.3
2014/6/19,豐原,NOx,4.1,5.4,5.9,5.9,11,16,12,14,15,15,13,10,10,8.7,8.3,8.9,12,23,14,9.8,7,8.1,6.4,7.7
2014/6/19,豐原,O3,16,14,13,15,8.3,6.7,11,16,24,35,42,49,51,52,40,37,32,21,18,19,20,18,17,15
2014/6/19,豐原,PM10,62,60,43,37,17,13,22,29,43,50,58,72,80,67,44,47,55,65,59,48,45,38,42,37
2014/6/19,豐原,PM2.5,7,10,15,19,11,11,7,10,16,21,22,23,29,32,29,28,17,13,14,20,17,14,7,12
2014/6/19,豐原,RAINFALL,NR,NR,NR,NR,NR,NR,NR,NR,NR,NR,NR,NR,NR,NR,NR,NR,NR,NR,NR,NR,NR,NR,NR,NR
2014/6/19,豐原,RH,79,83,84,81,79,78,79,77,69,63,59,56,59,63,69,67,65,70,74,75,77,79,81,83
2014/6/19,豐原,SO2,2.8,2.8,3.7,4.3,11,11,8.5,6.7,5.6,7,5.1,5,3.4,3.7,4.5,4,4.6,5.6,3.9,3.8,3.6,3.7,3.8,4.1
2014/6/19,豐原,THC,1.6,1.7,1.7,1.6,1.6,1.7,1.8,1.8,1.9,2.1,2.1,2.1,1.8,1.9,1.8,1.8,1.9,1.9,1.8,1.7,1.7,1.7,1.7,1.7
2014/6/19,豐原,WD_HR,191,187,173,174,182,191,202,201,207,199,204,201,210,222,241,238,221,206,187,185,169,172,176,183
2014/6/19,豐原,WIND_DIREC,192,190,175,173,179,195,196,197,222,201,206,200,197,248,249,245,224,190,179,185,167,163,182,190
2014/6/19,豐原,WIND_SPEED,4.1,2.6,3.2,3.8,2.5,1.7,3,3.7,4.1,4.7,4.3,4.7,4.3,4.1,3.4,4,3.1,2.5,2.9,2.8,2.5,2.5,2.7,2.4
2014/6/19,豐原,WS_HR,3.5,2.9,2.6,3.4,2.8,1.9,2.3,3.2,3.6,4,4,4.4,3.2,2.7,3.5,3.1,3.4,3.1,3.1,3.2,2.8,2.3,2.3,2.4
2014/6/20,豐原,AMB_TEMP,28,28,27,27,27,27,28,28,30,31,31,31,30,29,30,30,30,29,28,28,28,27,27,28
2014/6/20,豐原,CH4,1.6,1.6,1.7,1.7,1.7,1.7,1.6,1.6,1.6,1.6,1.6,1.6,1.6,1.6,1.6,1.6,1.6,1.6,1.6,1.6,1.6,1.6,1.6,1.6
2014/6/20,豐原,CO,0.17,0.17,0.22,0.24,0.31,0.3,0.3,0.43,0.46,0.38,0.45,5.68,1.76,0.34,0.28,0.54,0.34,0.39,0.31,0.24,0.26,0.26,0.19,0.16
2014/6/20,豐原,NMHC,0.06,0.05,0.11,0.09,0.12,0.13,0.12,0.29,0.38,0.28,0.32,0.52,0.17,0.13,0.24,0.28,0.32,0.26,0.15,0.09,0.07,0.07,0.04,0.03
2014/6/20,豐原,NO,1.1,0.9,1.1,0.6,0.8,1.8,3.1,4.8,3.9,2.2,1.9,2.1,1.5,1,1.2,1.6,2.7,4.4,1.5,0.9,1.6,1.4,1,0.7
2014/6/20,豐原,NO2,5.1,5.4,7.5,9.8,12,11,8.8,11,11,10,10,13,7,7.1,9.1,9,10,12,9.1,5.6,6.2,5.7,4.6,4.2
2014/6/20,豐原,NOx,6.2,6.2,8.6,10,13,13,12,15,15,12,12,15,8.4,8.1,10,11,13,17,11,6.5,7.8,7,5.6,4.9
2014/6/20,豐原,O3,18,15,10,8.6,6.2,7.6,12,15,29,37,36,34,38,33,31,31,24,19,16,20,16,13,13,19
2014/6/20,豐原,PM10,19,21,25,43,40,44,40,34,42,28,24,24,40,43,36,42,50,33,20,14,24,18,26,29
2014/6/20,豐原,PM2.5,6,6,0,6,14,22,27,19,17,10,24,36,44,30,15,5,13,13,12,6,9,16,20,19
2014/6/20,豐原,RAINFALL,NR,NR,NR,NR,NR,NR,NR,NR,NR,NR,NR,NR,6.8,0.2,0.4,NR,NR,NR,NR,NR,NR,NR,NR,NR
2014/6/20,豐原,RH,84,84,86,86,86,85,84,82,72,63,63,64,75,83,82,75,73,75,83,84,82,84,86,83
2014/6/20,豐原,SO2,2.6,3.3,3.4,4,6.5,6,6.3,6.7,5.2,4.7,5.4,6.5,3.4,2.5,3.8,4.6,3.8,2.9,3.1,2.9,2.9,2.9,2.8,2.8
2014/6/20,豐原,THC,1.7,1.7,1.8,1.8,1.8,1.8,1.7,1.9,2,1.9,1.9,2.2,1.8,1.7,1.8,1.8,1.9,1.8,1.7,1.7,1.7,1.7,1.6,1.7
2014/6/20,豐原,WD_HR,188,192,189,187,187,176,188,199,200,209,208,205,200,158,255,236,245,246,107,141,155,130,129,155
2014/6/20,豐原,WIND_DIREC,188,198,191,188,185,174,196,202,192,212,216,210,116,62,246,240,256,58,118,169,152,116,159,162
2014/6/20,豐原,WIND_SPEED,3.1,2.5,3.2,2.5,3,2.3,3.4,4.2,3.9,4.3,4.3,2.6,1.7,1.4,3.9,3.7,3.2,1.1,2.4,1.7,1.6,1.7,1,2.4
2014/6/20,豐原,WS_HR,2.6,2.8,2.6,2.8,2.6,2.5,3.2,3.5,3.6,3.3,3.7,3.3,2.4,0.6,3,3.2,3,1.6,1.9,1.9,1.6,1.3,1.3,1.7
2014/7/1,豐原,AMB_TEMP,26,25,26,26,27,27,28,29,30,31,32,33,33,32,32,31,31,31,30,29,28,28,28,28
2014/7/1,豐原,CH4,1.6,1.6,1.6,1.7,1.7,1.7,1.6,1.6,1.6,1.6,1.6,1.6,1.6,1.6,1.6,1.5,1.5,1.6,1.6,1.6,1.6,1.7,1.7,1.6
2014/7/1,豐原,CO,0.14,0.13,0.13,0.15,0.19,0.28,0.3,0.33,0.35,0.39,0.38,0.39,0.35,0.24,0.36,0.31,0.34,0.76,0.95,0.91,0.68,0.44,0.35,0.28
2014/7/1,豐原,NMHC,0.04,0.03,0.02,0.03,0.07,0.06,0.06,0.1,0.34,0.49,0.42,0.41,0.18,0.15,0.17,0.18,0.15,0.23,0.23,0.2,0.17,0.17,0.17,0.12
2014/7/1,豐原,NO,2,1.7,1.6,0.6,0.8,3.8,2.7,3.8,3.1,2.4,1.9,1.4,1.4,1.1,1.4,1.6,2.1,6.3,8.3,8.2,5.7,3.6,1.6,1
2014/7/1,豐原,NO2,2.3,2,1.6,2.3,2.7,5.8,4.7,5,8.2,11,9.1,9.4,8.3,5.6,7.3,6.6,10,18,21,19,16,12,9.1,7
2014/7/1,豐原,NOx,4.3,3.6,3.2,2.9,3.5,9.7,7.4,8.8,11,13,11,11,9.7,6.8,8.7,8.2,12,24,30,28,22,16,11,8
2014/7/1,豐原,O3,12,12,14,16,18,14,17,20,29,46,65,73,58,50,48,37,23,9.5,4.1,1.4,3.3,9.2,12,17
2014/7/1,豐原,PM10,32,25,48,49,35,22,16,33,38,70,73,86,69,68,60,56,37,29,30,30,28,10,21,32
2014/7/1,豐原,PM2.5,17,10,5,0,3,2,2,5,14,41,40,46,34,45,30,9,24,23,19,1,6,18,16,24
2014/7/1,豐原,RAINFALL,NR,NR,NR,NR,NR,NR,NR,NR,NR,NR,NR,NR,NR,NR,NR,NR,NR,NR,NR,NR,NR,NR,NR,NR
2014/7/1,豐原,RH,88,88,87,87,83,86,84,80,76,70,63,58,65,68,68,68,67,67,70,78,81,81,85,85
2014/7/1,豐原,SO2,1.9,1.1,1.3,1.3,1.7,1.9,2.4,3.5,5,5.3,4.9,4.1,3.1,2.8,4.1,2.7,4.6,10,14,8.4,4.4,3.6,3.3,2.4
2014/7/1,豐原,THC,1.6,1.6,1.6,1.7,1.7,1.8,1.7,1.7,1.9,2.1,2,2,1.8,1.7,1.7,1.7,1.7,1.8,1.8,1.8,1.8,1.9,1.8,1.8
2014/7/1,豐原,WD_HR,116,119,115,146,165,175,185,188,198,202,195,198,248,255,265,271,287,259,252,125,133,167,176,181
2014/7/1,豐原,WIND_DIREC,106,124,117,170,120,175,186,173,195,200,198,200,238,254,265,281,287,254,166,125,162,168,173,175
2014/7/1,豐原,WIND_SPEED,1.6,1.8,1.2,1.5,0.9,1.8,2.6,3.1,4.2,4.6,4.3,3.7,3.6,3.6,3.9,3.6,2.7,2.3,1.4,1.6,1.4,2.6,2.2,2.8
2014/7/1,豐原,WS_HR,2,2.2,1.7,0.9,0.9,1.5,2.2,3,3.9,4.1,4,3.7,2.6,2.9,3.1,2.7,2.8,1.9,1.2,1.6,1.2,2.2,2.2,2.7
2014/7/2,豐原,AMB_TEMP,28,28,27,27,27,27,28,29,30,31,33,34,34,35,34,32,32,31,31,30,29,29,29,28
2014/7/2,豐原,CH4,1.6,1.6,1.6,1.6,1.6,1.6,1.6,1.5,1.6,1.5,1.6,1.6,1.6,1.6,1.6,1.5,1.5,1.5,1.6,1.6,1.6,1.6,1.6,1.6
2014/7/2,豐原,CO,0.2,0.17,0.16,0.16,0.15,0.16,0.21,0.35,0.39,0.4,0.48,3.89,2.11,2.15,0.51,0.25,0.26,0.88,0.83,0.39,0.27,0.3,0.27,0.25
2014/7/2,豐原,NMHC,0.05,0.05,0.03,0.03,0.03,0.02,0.05,0.22,0.35,0.27,0.42,0.37,0.22,0.28,0.27,0.26,0.25,0.27,0.23,0.14,0.11,0.11,0.09,0.09
2014/7/2,豐原,NO,0.9,0.9,0.9,1.4,1.5,1.9,3.3,3.5,4.2,3.2,2.3,2.9,2,1.7,1.7,2.3,3.2,4.2,3.1,2.3,2.1,2.4,2.3,2
2014/7/2,豐原,NO2,3.8,3.4,3.1,2.8,2.6,2.8,4.2,5.6,9,7.1,7,8.9,6.6,8.2,8,6.9,7.4,11,12,9.9,6.1,6.7,5.6,5.2
2014/7/2,豐原,NOx,4.7,4.3,4,4.2,4.1,4.6,7.6,9.1,13,10,9.2,12,8.6,10,9.8,9.2,11,15,15,12,8.2,9.2,8,7.2
2014/7/2,豐原,O3,21,19,18,18,18,18,18,22,29,39,53,58,64,72,60,37,24,20,17,16,19,23,20,17
2014/7/2,豐原,PM10,40,42,30,30,29,39,42,40,20,37,39,56,48,70,68,75,41,33,37,41,34,27,55,80
2014/7/2,豐原,PM2.5,25,28,17,6,10,20,25,21,10,15,38,43,62,62,56,39,26,49,49,84,53,112,69,80
2014/7/2,豐原,RAINFALL,NR,NR,NR,NR,NR,NR,NR,NR,NR,NR,NR,NR,NR,NR,NR,NR,NR,NR,NR,NR,NR,NR,NR,NR
2014/7/2,豐原,RH,84,85,85,86,86,85,81,73,66,61,56,52,49,48,59,61,61,64,64,70,74,74,75,79
2014/7/2,豐原,SO2,1.8,2.5,2.2,2.1,2.2,2.6,2.9,3,4.3,4.9,4.1,5.4,4.1,9.8,5,3.6,3.2,5.3,5.5,4,3.7,5.5,4.6,3.1
2014/7/2,豐原,THC,1.7,1.6,1.6,1.6,1.6,1.6,1.6,1.8,1.9,1.8,2,1.9,1.8,1.9,1.8,1.8,1.8,1.8,1.8,1.8,1.7,1.7,1.7,1.7
2014/7/2,豐原,WD_HR,185,192,184,182,183,171,180,199,199,198,199,199,199,207,239,250,252,234,194,165,170,182,181,169
2014/7/2,豐原,WIND_DIREC,182,191,174,194,181,160,186,196,206,201,201,195,206,227,242,269,253,218,164,167,172,169,175,184
2014/7/2,豐原,WIND_SPEED,2.6,3.7,2.6,2.5,3.2,2.9,2.7,3.7,3.7,3.8,3.9,4.4,4.2,4.6,3.8,3.5,3.1,3,2.2,2.7,3.4,3.5,2.8,2.8
2014/7/2,豐原,WS_HR,2.7,3.4,2.6,2.4,2.8,2.9,2.7,2.9,3.7,3.4,3.7,4,4.3,4.2,3.1,3.1,2.9,2.5,2,2.2,2.9,3.2,2.8,2.6
2014/7/3,豐原,AMB_TEMP,28,28,28,27,27,27,28,29,31,32,33,33,33,33,33,33,33,32,31,29,28,28,27,27
2014/7/3,豐原,CH4,1.6,1.6,1.6,1.6,1.6,1.6,1.6,1.6,1.6,1.6,1.6,1.6,1.6,1.6,1.6,1.6,1.6,1.6,1.6,1.6,1.6,1.6,1.6,1.6
2014/7/3,豐原,CO,0.22,0.21,0.19,0.16,0.15,0.18,0.25,0.27,0.3,0.3,0.28,0.3,0.3,0.23,0.31,0.25,0.31,0.7,0.47,0.34,0.32,0.35,0.4,0.45
2014/7/3,豐原,NMHC,0.06,0.06,0.07,0.05,0.04,0.05,0.08,0.09,0.25,0.3,0.28,0.45,0.22,0.17,0.2,0.17,0.15,0.25,0.25,0.19,0.17,0.16,0.2,0.23
2014/7/3,豐原,NO,1.5,1.6,1.6,1.7,1.5,2,4.2,3.4,4,3.7,2.6,2.1,1.7,1.7,2,2,4.3,12,4.2,2.3,2,2.3,2.3,2.1
2014/7/3,豐原,NO2,4.1,4.5,5.7,6.7,5.2,5.2,6.4,5,8,9.7,8.8,9.2,10,7.3,8.4,7.8,12,22,17,12,11,12,13,14
2014/7/3,豐原,NOx,5.6,6.1,7.2,8.3,6.6,7.2,11,8.5,12,13,11,11,12,9,10,9.7,16,34,21,14,13,14,15,17
2014/7/3,豐原,O3,17,13,9.5,9.5,11,12,14,18,23,37,49,58,63,58,61,47,30,12,13,14,11,9.1,7.6,4.5
2014/7/3,豐原,PM10,61,51,39,46,31,19,19,25,42,59,67,65,45,37,42,42,34,33,44,49,35,48,50,82
2014/7/3,豐原,PM2.5,18,49,70,76,25,7,7,7,15,20,30,30,29,27,26,27,27,20,13,37,63,42,26,29
2014/7/3,豐原,RAINFALL,NR,NR,NR,NR,NR,NR,NR,NR,NR,NR,NR,NR,NR,NR,NR,NR,NR,NR,NR,NR,NR,NR,NR,NR
2014/7/3,豐原,RH,80,83,86,87,87,86,83,75,67,62,57,56,59,58,55,55,53,51,60,71,74,76,78,79
2014/7/3,豐原,SO2,2.7,2.2,1.8,2.4,1.6,1.9,2.1,2.6,4.5,4.1,3.3,3.6,3.6,3.4,3.3,2.3,5.6,16,6.3,2.9,2.6,2.6,2.7,2.3
2014/7/3,豐原,THC,1.6,1.6,1.7,1.6,1.6,1.6,1.7,1.6,1.8,1.9,1.9,2,1.8,1.7,1.8,1.7,1.7,1.8,1.8,1.8,1.7,1.8,1.8,1.9
2014/7/3,豐原,WD_HR,181,190,188,192,187,186,186,188,201,199,199,212,234,246,232,280,286,246,144,120,121,116,113,113
2014/7/3,豐原,WIND_DIREC,178,192,188,191,184,190,188,186,200,204,210,237,256,204,253,290,273,219,118,121,124,111,108,112
2014/7/3,豐原,WIND_SPEED,2.6,4.1,4.4,4.1,3.1,3.2,3.3,3,3.8,4.2,3.7,2.6,2.1,3.3,2.6,3.7,2.7,1.4,1.8,2.7,2.6,2.2,1.8,1.8
2014/7/3,豐原,WS_HR,2.3,3.3,3.9,4,3.3,3.6,2.7,2.8,3.3,3.9,3.6,3.1,2.2,2.3,2.4,2.9,2.7,1.6,1.2,2.5,2.3,2.5,1.7,1.5
2014/7/4,豐原,AMB_TEMP,27,27,27,27,27,27,28,29,30,31,31,31,32,32,33,33,32,32,31,30,29,28,28,27
2014/7/4,豐原,CH4,1.7,1.7,1.7,1.7,1.7,1.6,1.6,1.6,1.6,1.6,1.6,1.6,1.6,1.6,1.5,1.5,1.5,1.6,1.5,1.6,1.6,1.6,1.6,1.6
2014/7/4,豐原,CO,0.44,0.42,0.41,0.41,0.39,0.34,0.36,0.33,0.38,0.43,0.38,0.27,0.25,0.22,0.25,0.21,0.26,0.31,0.34,0.34,0.36,0.35,0.29,0.22
2014/7/4,豐原,NMHC,0.22,0.21,0.26,0.21,0.19,0.15,0.15,0.12,0.35,0.22,0.22,0.15,0.1,0.09,0.1,0.11,0.12,0.14,0.15,0.13,0.13,0.11,0.1,0.06
2014/7/4,豐原,NO,2.8,2.5,2.6,3.7,3.5,3.2,4.1,4.7,3.8,2.3,2.2,0.7,1.5,1.6,1.4,1.6,2.1,2.8,2.1,1.8,1.8,1.5,1.7,1.6
2014/7/4,豐原,NO2,15,13,12,11,11,9.7,8.1,8.3,11,10,13,0,8.1,6.8,8,6.6,9.5,16,12,9.9,11,9.3,8.9,6.8
2014/7/4,豐原,NOx,17,15,14,15,14,13,12,13,14,13,15,1.3,9.6,8.4,9.4,8.2,12,19,14,12,13,11,11,8.4
2014/7/4,豐原,O3,2.7,2.3,1.6,1.5,2,4.2,7,14,31,52,56,43,61,51,58,50,43,26,28,27,24,23,22,21
2014/7/4,豐原,PM10,68,85,79,89,80,67,54,32,51,65,79,68,42,50,50,40,55,50,62,44,38,26,30,24
2014/7/4,豐原,PM2.5,29,41,22,30,36,37,31,29,41,50,43,36,41,58,58,54,58,46,36,28,29,25,12,6
2014/7/4,豐原,RAINFALL,NR,NR,NR,NR,NR,NR,NR,NR,NR,NR,NR,NR,NR,NR,NR,NR,NR,NR,NR,NR,NR,NR,NR,NR
2014/7/4,豐原,RH,83,85,86,87,87,86,85,80,73,69,68,70,65,65,62,59,57,63,73,80,81,83,83,83
2014/7/4,豐原,SO2,1.9,1.9,1.9,1.6,2,2.5,2.7,3.4,4.2,3.4,4.1,7.2,3.8,2.5,4.6,3.1,3.7,5.6,3.3,2.9,2.9,2.8,2.7,1.9
2014/7/4,豐原,THC,1.9,1.9,1.9,1.9,1.9,1.8,1.8,1.7,2,1.8,1.8,1.7,1.7,1.6,1.6,1.6,1.7,1.7,1.7,1.7,1.7,1.7,1.7,1.6
2014/7/4,豐原,WD_HR,108,114,114,116,120,126,111,178,207,199,303,311,313,307,310,305,322,351,93,117,123,115,120,118
2014/7/4,豐原,WIND_DIREC,109,117,122,111,124,130,83,177,186,314,304,319,316,310,302,328,311,329,118,120,118,128,127,114
2014/7/4,豐原,WIND_SPEED,2.1,2.2,1.2,1.5,1.5,0.8,0.9,1.9,1.6,1.7,2.6,2.7,2.1,3.2,3.6,2.8,2.4,1.7,1.7,1.8,2.2,1.2,1.4,2
2014/7/4,豐原,WS_HR,1.7,1.7,1.3,1.5,1.3,1.2,1,1.7,2,1,1.8,2.2,1.7,2.5,2.3,2.4,1.1,0.8,0.9,1.7,1.3,1.6,1.3,2
2014/7/5,豐原,AMB_TEMP,27,27,27,26,26,26,27,28,28,30,31,33,33,33,32,32,33,32,31,29,29,29,28,28
2014/7/5,豐原,CH4,1.6,1.6,1.7,1.7,1.7,1.7,1.7,1.7,1.6,1.6,1.6,1.6,1.6,1.6,1.6,1.5,1.5,1.5,1.5,1.6,1.6,1.6,1.6,1.6
2014/7/5,豐原,CO,0.21,0.41,0.5,0.54,0.57,0.58,0.63,0.75,0.64,0.44,0.31,0.25,0.28,0.24,0.17,0.13,0.13,0.15,0.16,0.32,0.35,0.26,0.2,0.21
2014/7/5,豐原,NMHC,0.07,0.18,0.23,0.23,0.23,0.22,0.28,0.41,0.26,0.22,0.12,0.1,0.09,0.08,0.07,0.08,0.08,0.05,0.05,0.12,0.14,0.1,0.07,0.07
2014/7/5,豐原,NO,1.4,1.6,1.8,3.8,3.9,3.8,4.8,8.1,5.9,4.1,1.7,1.1,1.2,1.5,2.1,1.5,1.1,1.3,1.3,1.5,1.6,1.3,0.9,1.2
2014/7/5,豐原,NO2,5.9,14,17,18,16,15,13,17,17,16,10,6.4,6.6,10,11,4.8,3.3,4.7,5.5,9.2,11,8.9,6.5,6.7
2014/7/5,豐原,NOx,7.3,16,18,22,20,18,18,25,23,20,12,7.5,7.8,12,13,6.4,4.4,6,6.8,11,12,10,7.5,7.9
2014/7/5,豐原,O3,20,9.1,2.8,0.8,1.3,3.1,3.7,5.2,16,32,68,67,77,63,36,34,31,28,21,13,15,19,22,17
2014/7/5,豐原,PM10,25,36,53,55,47,39,40,50,67,77,68,42,26,51,66,69,39,37,38,33,32,20,35,25
2014/7/5,豐原,PM2.5,7,8,15,26,31,53,51,64,30,28,26,30,37,53,67,63,63,63,21,9,17,15,22,15
2014/7/5,豐原,RAINFALL,NR,NR,NR,NR,NR,NR,NR,NR,NR,NR,NR,NR,NR,NR,NR,NR,NR,NR,NR,NR,NR,NR,NR,NR
2014/7/5,豐原,RH,83,85,87,89,90,89,88,84,79,73,65,58,60,62,58,55,54,57,57,68,72,75,76,78
2014/7/5,豐原,SO2,1.5,2.4,2.8,2.8,2.1,2.8,3.2,3,5.4,7.4,4.8,3.3,2.1,3,2.6,1.7,1.1,2.8,2,1.8,2,2,2,2
2014/7/5,豐原,THC,1.6,1.8,1.9,1.9,1.9,1.9,1.9,2.1,1.9,1.8,1.7,1.7,1.7,1.6,1.6,1.6,1.6,1.6,1.6,1.7,1.7,1.7,1.6,1.6
2014/7/5,豐原,WD_HR,119,112,112,114,106,114,99,1.6,356,4.1,4.2,327,305,311,311,316,8.5,66,78,112,107,108,115,115
2014/7/5,豐原,WIND_DIREC,128,104,117,111,108,114,126,15,330,49,310,314,311,315,73,315,66,65,78,106,91,115,126,120
2014/7/5,豐原,WIND_SPEED,1,0.8,1.8,1.7,2,1.5,0.9,0.8,1,1.1,2.5,3.6,3.8,4.1,3.3,2.8,2.3,3,1.1,1,1.2,2,2.2,2.2
2014/7/5,豐原,WS_HR,1.7,0.9,0.7,1.5,1.8,1.7,0.8,0.4,0.4,0.4,0.8,1.3,1.5,3.2,1.9,0.7,0.6,1.9,1,1.4,1.1,1.4,2,1.7
2014/7/6,豐原,AMB_TEMP,27,27,27,27,26,27,28,29,31,32,33,33,33,34,34,34,33,32,32,30,29,29,28,29
2014/7/6,豐原,CH4,1.6,1.6,1.6,1.6,1.6,1.6,1.7,1.6,1.6,1.6,1.6,1.6,1.6,1.6,1.6,1.6,1.6,1.6,1.6,1.6,1.6,1.6,1.6,1.6
2014/7/6,豐原,CO,0.16,0.18,0.22,0.24,0.25,0.38,0.6,0.39,0.29,0.28,0.34,0.31,0.21,0.21,0.17,0.2,0.2,0.18,0.24,0.37,0.33,0.34,0.3,0.26
2014/7/6,豐原,NMHC,0.06,0.06,0.1,0.1,0.07,0.16,0.26,0.2,0.08,0.08,0.1,0.09,0.05,0.04,0.03,0.05,0.06,0.06,0.08,0.12,0.1,0.11,0.1,0.09
2014/7/6,豐原,NO,1.2,1.1,1.3,0.8,1,1.5,4.7,2.7,1.2,0.7,0.9,1.2,0.9,1,1,1.3,1.3,0.8,0.8,1.2,1,1,1.2,1
2014/7/6,豐原,NO2,6.3,7.1,7.5,8,8,10,13,9.9,5.8,6,8.6,11,7.6,5.4,4.9,6.8,7.9,5.3,7.7,11,9.9,12,11,10
2014/7/6,豐原,NOx,7.4,8.2,8.8,8.9,9,12,17,13,7,6.7,9.6,13,8.4,6.4,5.9,8.1,9.2,6.1,8.5,12,11,13,13,11
2014/7/6,豐原,O3,15,14,12,9.7,8.9,7.4,9.5,26,43,60,81,80,76,59,55,51,38,34,29,22,19,14,10,13
2014/7/6,豐原,PM10,27,23,29,40,30,34,24,38,40,45,55,79,80,85,56,68,39,38,33,45,51,42,47,48
2014/7/6,豐原,PM2.5,22,15,17,6,13,13,24,25,26,23,30,41,51,48,37,26,32,31,30,23,24,29,32,40
2014/7/6,豐原,RAINFALL,NR,NR,NR,NR,NR,NR,NR,NR,NR,NR,NR,NR,NR,NR,NR,NR,NR,NR,NR,NR,NR,NR,NR,NR
2014/7/6,豐原,RH,80,83,84,85,86,84,82,71,62,60,61,63,58,55,57,56,56,56,62,71,77,80,83,81
2014/7/6,豐原,SO2,2.5,2,2.1,2.1,2,2.4,2.6,3.2,1.8,1.7,3.5,3.9,3.3,2.9,3.2,3.4,2.9,2.4,1.9,1.4,1.4,1.8,1.9,1.7
2014/7/6,豐原,THC,1.6,1.6,1.7,1.7,1.7,1.8,1.9,1.8,1.7,1.7,1.7,1.7,1.6,1.6,1.6,1.6,1.6,1.6,1.7,1.7,1.7,1.7,1.7,1.7
2014/7/6,豐原,WD_HR,122,115,113,116,118,106,139,201,205,324,309,307,300,304,309,311,314,26,62,114,118,111,112,102
2014/7/6,豐原,WIND_DIREC,117,120,109,120,118,45,202,168,319,316,305,311,291,308,316,315,339,50,71,119,112,105,115,98
2014/7/6,豐原,WIND_SPEED,2.2,2.2,1.8,2.3,2.3,0.7,1.4,1.8,1.1,2.5,4,4.1,2.6,3.1,3.6,2.8,1.7,1.5,1.5,2.1,1.6,1,1.8,1.2
2014/7/6,豐原,WS_HR,1.8,2,1.6,1.7,2.3,1.4,0.7,1.5,1,1.2,2.5,3,3,2.6,2.6,2.2,1.5,0.4,0.9,1.6,2,1.5,1.3,1
2014/7/7,豐原,AMB_TEMP,28,28,28,29,28,27,28,29,30,32,33,34,33,33,33,33,34,34,32,31,30,29,29,28
2014/7/7,豐原,CH4,1.6,1.6,1.6,1.6,1.6,1.6,1.6,1.6,1.6,1.6,1.6,1.6,1.6,1.6,1.5,1.5,1.6,1.6,1.6,1.6,1.6,1.6,1.6,1.6
2014/7/7,豐原,CO,0.19,0.17,0.16,0.13,0.17,0.22,0.24,0.26,0.21,0.21,0.26,0.24,0.25,0.21,0.15,0.18,0.16,0.18,0.21,0.24,0.25,0.26,0.17,0.14
2014/7/7,豐原,NMHC,0.06,0.05,0.07,0.03,0.05,0.1,0.09,0.09,0.1,0.06,0.09,0.12,0.1,0.12,0.1,0.16,0.1,0.09,0.11,0.13,0.13,0.11,0.07,0.07
2014/7/7,豐原,NO,0.7,1.1,1,1.7,1.9,2,2.7,3,2.8,2.1,2.3,2.1,2.1,2.2,2.1,2.4,2.6,1.9,1.8,2,2.1,1.8,1.8,2.3
2014/7/7,豐原,NO2,7.6,6.8,6.6,2.6,4.1,7.5,6.8,6.7,5.6,3.5,4.3,5.3,8.6,6.8,5.2,8,6.5,4.9,7,7.9,8.9,9.8,6.5,6
2014/7/7,豐原,NOx,8.3,7.9,7.6,4.3,6,9.5,9.6,9.7,8.4,5.6,6.6,7.4,11,9,7.3,10,9.1,6.8,8.8,10,11,12,8.3,8.3
2014/7/7,豐原,O3,19,23,22,35,28,20,24,27,35,39,47,61,66,62,42,33,40,40,30,19,12,7.3,7.1,5.8
2014/7/7,豐原,PM10,59,45,46,25,33,22,35,40,44,33,34,31,42,53,56,56,54,40,38,19,20,17,15,31
2014/7/7,豐原,PM2.5,37,32,17,24,15,21,14,20,22,20,28,20,23,23,29,29,15,14,7,16,14,13,4,7
2014/7/7,豐原,RAINFALL,NR,NR,NR,NR,NR,NR,NR,NR,NR,NR,NR,NR,NR,NR,NR,NR,NR,NR,NR,NR,NR,NR,NR,NR
2014/7/7,豐原,RH,78,76,75,71,77,80,79,74,66,57,54,57,69,69,69,67,59,54,57,63,69,70,69,70
2014/7/7,豐原,SO2,2.3,2.5,2.3,2.5,2.4,2.3,1.9,2.1,1.3,0.6,0.5,1.5,5.2,4.3,2.7,3.3,2.9,1.9,1,1.2,1.5,1.5,1.3,1.4
2014/7/7,豐原,THC,1.7,1.6,1.7,1.6,1.6,1.7,1.7,1.7,1.7,1.6,1.7,1.7,1.7,1.7,1.7,1.7,1.7,1.6,1.7,1.7,1.7,1.7,1.6,1.6
2014/7/7,豐原,WD_HR,97,90,76,67,88,61,62,39,51,138,175,81,304,306,299,323,35,60,65,63,52,44,54,43
2014/7/7,豐原,WIND_DIREC,111,74,70,70,79,51,51,319,82,195,196,296,302,292,307,305,335,79,62,67,55,46,322,17
2014/7/7,豐原,WIND_SPEED,1.5,1.5,1.4,0.8,0.8,1.1,1.5,1.7,1.9,2.3,1.8,3.2,3.6,3.8,2.9,3.1,2.7,1.7,1.8,1.7,1.6,1.4,1.7,0.8
2014/7/7,豐原,WS_HR,1.1,1.1,0.9,1.3,0.9,0.6,0.9,0.8,0.5,0.8,1.8,0.2,2.9,1.9,0.8,1.6,0.4,0.6,1.1,1,0.9,1,1,0.5
2014/7/8,豐原,AMB_TEMP,28,28,28,28,27,28,28,29,28,28,27,27,27,28,30,30,30,31,30,29,27,27,27,27
2014/7/8,豐原,CH4,1.6,1.6,1.5,1.5,1.5,1.5,1.5,1.6,1.6,1.6,1.6,1.6,1.6,1.6,1.6,1.6,1.6,1.6,1.6,1.6,1.6,1.6,1.6,1.6
2014/7/8,豐原,CO,0.13,0.12,0.12,0.1,0.11,0.1,0.12,0.17,0.21,0.22,0.22,0.21,0.21,0.21,0.19,0.18,0.18,0.22,0.21,0.34,0.24,0.16,0.16,0.16
2014/7/8,豐原,NMHC,0.07,0.05,0.05,0.03,0.04,0.01,0.02,0.04,0.08,0.08,0.1,0.11,0.08,0.07,0.08,0.06,0.08,0.08,0.09,0.12,0.1,0.04,0.04,0.04
2014/7/8,豐原,NO,2,1.8,2,1.4,1.6,1.6,1.6,2.2,2.8,2.1,3,2.3,2.6,2.9,2.4,1.9,1.9,2,1.8,2.3,2.3,1.6,1.6,1.6
2014/7/8,豐原,NO2,6.1,5,5.2,3.5,3.7,2.9,2.5,3.8,6.1,4.7,6.5,5.5,6.7,7.7,4.1,3,3,3.2,4.1,7.2,6,4.7,4.7,4.7
2014/7/8,豐原,NOx,8.1,6.8,7.1,4.9,5.3,4.5,4.1,6,8.9,6.8,9.5,7.9,9.3,11,6.5,4.8,4.9,5.3,5.9,9.6,8.3,6.3,6.3,6.3
2014/7/8,豐原,O3,6.4,7.9,8.2,9.8,9.6,15,19,19,21,28,30,32,35,35,40,39,39,33,23,14,10,11,11,11
2014/7/8,豐原,PM10,21,17,0,4,4,14,16,30,28,51,38,45,25,0,0,69,63,54,37,47,17,25,25,25
2014/7/8,豐原,PM2.5,11,12,7,0,0,0,4,4,7,4,13,12,20,-1,-1,27,22,17,21,21,14,14,14,14
2014/7/8,豐原,RAINFALL,NR,NR,NR,NR,NR,NR,NR,NR,0.6,NR,0.8,2.6,NR,NR,NR,NR,NR,NR,NR,NR,NR,0,0,0
2014/7/8,豐原,RH,75,78,80,79,81,78,79,79,85,87,87,92,90,84,77,70,68,66,65,71,79,80,80,80
2014/7/8,豐原,SO2,2,2.2,2,2,2,1.9,1.2,1.1,1.2,1.2,1.7,1.4,2.6,1.9,2.2,2.2,2.2,2.2,1.5,1.4,1.5,1.6,1.6,1.6
2014/7/8,豐原,THC,1.6,1.6,1.6,1.6,1.6,1.5,1.6,1.6,1.7,1.7,1.7,1.7,1.7,1.7,1.7,1.7,1.7,1.7,1.6,1.7,1.7,1.6,1.6,1.6
2014/7/8,豐原,WD_HR,353,59,71,76,99,86,86,120,121,277,285,270,299,303,289,55,84,332,79,119,117,100,100,100
2014/7/8,豐原,WIND_DIREC,342,50,59,115,65,80,93,129,257,271,285,270,286,305,292,59,1.3,315,100,144,114,100,100,100
2014/7/8,豐原,WIND_SPEED,1.2,1.1,1.4,1.9,2.7,3.2,3.5,3.6,3.5,4.2,3.4,3.5,4.5,4,4.3,3.7,2.6,2,1.8,1.1,2.5,1.7,1.7,1.7
2014/7/8,豐原,WS_HR,0.4,1,0.9,1.5,0.9,1.5,1.6,0.7,0.3,0.9,1.9,1,2.3,2.6,1.7,0.3,1,0.6,1.3,1.2,2,0.9,0.9,0.9
2014/7/9,豐原,AMB_TEMP,27,28,27,27,28,28,28,29,30,32,33,34,34,34,35,34,34,34,33,31,31,30,30,29
2014/7/9,豐原,CH4,1.6,1.7,1.7,1.6,1.6,1.6,1.6,1.6,1.6,1.6,1.6,1.6,1.6,1.6,1.6,1.6,1.6,1.6,1.6,1.6,1.6,1.6,1.6,1.6
2014/7/9,豐原,CO,0.18,0.25,0.21,0.2,0.19,0.2,0.21,0.27,0.23,0.26,0.29,0.43,4.73,2.13,1.33,0.34,1.29,2.93,2.65,0.59,0.45,0.33,0.26,0.21
2014/7/9,豐原,NMHC,0.08,0.14,0.06,0.04,0.03,0.04,0.03,0.05,0.07,0.42,0.35,0.49,0.28,0.24,0.28,0.23,0.31,0.3,0.27,0.16,0.13,0.14,0.09,0.08
2014/7/9,豐原,NO,1.4,1.8,1.9,1.7,1.3,1.7,2.3,2.7,2.7,2.7,2.3,2.5,2.6,2.1,2.1,2,2,2.2,2.4,3.9,2.3,2.5,2.2,1.4
2014/7/9,豐原,NO2,5,7.5,6.7,4.7,4.4,4.5,3.2,3.6,3.2,5.2,6.4,7.4,6.8,6.4,7.9,8.9,11,13,13,14,8.9,7.7,6.2,5.2
2014/7/9,豐原,NOx,6.3,9.3,8.6,6.4,5.6,6.3,5.5,6.2,6,7.9,8.7,9.9,9.4,8.4,10,11,13,15,16,17,11,10,8.3,6.6
2014/7/9,豐原,O3,12,16,17,18,20,19,24,31,34,41,49,57,57,56,58,65,56,44,35,26,29,23,21,20
2014/7/9,豐原,PM10,19,33,37,51,54,46,36,24,40,35,41,67,82,91,75,96,82,78,40,50,51,60,49,33
2014/7/9,豐原,PM2.5,18,15,14,16,20,18,25,17,21,22,20,24,28,41,47,44,41,51,51,57,36,23,18,16
2014/7/9,豐原,RAINFALL,NR,NR,NR,NR,NR,NR,NR,NR,NR,NR,NR,NR,NR,NR,NR,NR,NR,NR,NR,NR,NR,NR,NR,NR
2014/7/9,豐原,RH,82,81,81,84,83,80,77,75,69,62,58,56,56,54,54,55,54,54,57,65,72,75,77,79
2014/7/9,豐原,SO2,2.3,3.8,3.6,3.5,2.5,2.1,1.1,0.8,0.6,0.8,1.7,1.9,3.7,3.4,4.3,3.7,5.1,15,7.4,2.5,1.8,1.3,1.3,2
2014/7/9,豐原,THC,1.7,1.8,1.7,1.7,1.6,1.7,1.6,1.6,1.6,2,2,2.1,1.9,1.9,1.9,1.8,1.9,1.9,1.9,1.8,1.8,1.8,1.7,1.7
2014/7/9,豐原,WD_HR,129,192,180,175,168,175,173,182,182,201,199,202,198,203,214,229,222,204,201,192,189,185,181,187
2014/7/9,豐原,WIND_DIREC,194,192,182,165,165,176,181,184,189,199,189,203,196,202,222,237,219,204,196,188,168,184,186,190
2014/7/9,豐原,WIND_SPEED,1.9,3.8,3.7,3.1,3.5,3.4,3.8,4.4,3.9,5.4,4.7,5.3,3.9,5.2,4.1,4.9,3.9,3.7,3.8,3.2,2.3,3.3,3.3,3.8
2014/7/9,豐原,WS_HR,0.9,3.5,3.4,3.2,3.4,3.1,3.4,3.8,4.5,4.4,5.1,4.9,4.7,4.8,4.1,4.2,3.7,3.7,3.4,3.5,3.2,3.5,3,3.4
2014/7/10,豐原,AMB_TEMP,29,29,29,29,29,28,29,29,30,31,32,33,33,32,32,32,32,31,31,30,29,29,29,29
2014/7/10,豐原,CH4,1.6,1.6,1.6,1.6,1.6,1.6,1.6,1.6,1.6,1.6,1.6,1.6,1.6,1.6,1.6,1.6,1.6,1.6,1.6,1.6,1.6,1.6,1.6,1.6
2014/7/10,豐原,CO,0.21,0.21,0.22,0.2,0.2,0.18,0.21,0.29,0.31,0.23,0.27,0.24,0.26,0.25,0.39,0.36,0.31,0.43,0.46,0.44,0.46,0.33,0.3,0.21
2014/7/10,豐原,NMHC,0.07,0.07,0.08,0.07,0.09,0.07,0.08,0.11,0.33,0.42,0.6,0.23,0.16,0.16,0.23,0.3,0.39,0.29,0.35,0.27,0.2,0.14,0.14,0.1
2014/7/10,豐原,NO,1.8,1.6,1.5,1.9,1.5,1.7,5,3.8,4.9,3.5,3.3,2.8,2.3,1.9,2.1,2,2,2.8,2.5,2.2,3.6,3.1,2.3,1.6
2014/7/10,豐原,NO2,5.9,6.3,7,7,7.4,6.7,8.7,7.2,8.5,6.8,10,8.8,9,8.8,9.9,10,11,13,14,15,15,11,9.8,7.3
2014/7/10,豐原,NOx,7.7,8,8.5,8.9,8.8,8.4,14,11,13,10,13,12,11,11,12,12,13,16,16,17,19,14,12,8.9
2014/7/10,豐原,O3,17,16,14,15,13,15,12,14,19,29,30,42,45,48,46,42,32,27,20,12,9.7,13,12,14
2014/7/10,豐原,PM10,25,21,35,37,36,37,34,46,28,31,31,45,56,63,45,40,32,43,32,24,15,25,17,24
2014/7/10,豐原,PM2.5,29,17,22,10,10,9,7,16,10,9,9,15,17,12,9,14,16,16,19,19,22,17,11,5
2014/7/10,豐原,RAINFALL,NR,NR,NR,NR,NR,NR,NR,NR,NR,NR,NR,NR,NR,NR,NR,NR,NR,NR,NR,NR,NR,NR,NR,NR
2014/7/10,豐原,RH,82,83,84,84,85,85,84,81,75,67,62,59,63,66,64,65,65,66,68,74,80,80,82,83
2014/7/10,豐原,SO2,2.2,3.6,3.8,3.5,4.4,3.4,2.9,2.8,2.3,1.6,2.6,2.1,3.4,3.9,4.3,4,3.8,4.6,4.9,2.8,2.3,2.4,2,1.7
2014/7/10,豐原,THC,1.7,1.7,1.7,1.7,1.7,1.6,1.7,1.7,1.9,2,2.2,1.8,1.7,1.7,1.8,1.9,2,1.9,1.9,1.9,1.8,1.8,1.8,1.7
2014/7/10,豐原,WD_HR,186,185,184,185,194,193,195,196,203,194,203,197,242,253,229,223,231,233,234,170,163,181,183,180
2014/7/10,豐原,WIND_DIREC,190,183,186,186,193,192,194,196,202,175,199,206,270,229,221,227,242,225,218,120,174,187,187,176
2014/7/10,豐原,WIND_SPEED,2.6,3,3,3.4,3.4,4.2,3.6,3.5,4.1,3.6,3.3,4.1,3.6,3.4,3.3,3.4,2.8,2.6,2,2.1,2.5,2.8,3.2,2.7
2014/7/10,豐原,WS_HR,3,3.4,3,3.1,3.4,3.6,3.9,3.8,3.7,4.1,3.6,3,3.1,3,2.8,3.2,3.1,2.8,2.4,1.4,1.6,2.6,2.7,2.4
2014/7/11,豐原,AMB_TEMP,28,28,28,28,27,28,28,29,30,32,33,33,33,33,32,32,30,30,30,29,27,27,27,28
2014/7/11,豐原,CH4,1.6,1.6,1.6,1.6,1.7,1.6,1.6,1.6,1.6,1.6,1.6,1.6,1.6,1.6,1.5,1.6,1.6,1.6,1.5,1.6,1.5,1.6,1.6,1.6
2014/7/11,豐原,CO,0.18,0.17,0.18,0.2,0.23,0.3,0.35,0.35,0.37,0.35,0.32,0.5,0.78,2.22,0.82,0.67,0.67,0.38,0.37,0.43,0.34,0.22,0.22,0.13
2014/7/11,豐原,NMHC,0.09,0.05,0.09,0.11,0.11,0.12,0.11,0.15,0.33,0.37,0.4,0.41,0.25,0.24,0.28,0.26,0.25,0.24,0.21,0.19,0.14,0.09,0.09,0.04
2014/7/11,豐原,NO,1.5,1.4,1.3,0.7,1,1.6,4.7,4.3,2.8,2.3,1.3,1.7,1.5,1.2,1.4,1.1,1.6,1.7,1.3,2,2.1,0.8,0.9,0.7
2014/7/11,豐原,NO2,7,7.2,7.2,9.6,9.8,11,9.4,7,9.5,8.5,7.8,9.4,8.4,9.3,8.4,11,9.9,11,10,10,8.9,7,7.2,3.9
2014/7/11,豐原,NOx,8.5,8.6,8.5,10,11,13,14,11,12,11,9,11,9.9,10,9.9,12,11,13,11,12,11,7.9,8.1,4.6
2014/7/11,豐原,O3,13,13,12,9.2,8.7,8.2,11,18,29,39,43,45,49,44,41,38,29,22,18,11,6.1,12,11,16
2014/7/11,豐原,PM10,23,37,33,35,30,24,9,12,26,51,44,48,44,60,49,48,46,61,42,33,21,22,19,8
2014/7/11,豐原,PM2.5,9,10,12,4,2,3,3,8,5,14,17,21,17,14,20,16,22,13,14,13,13,16,5,5
2014/7/11,豐原,RAINFALL,NR,NR,NR,NR,NR,NR,NR,NR,NR,NR,NR,NR,NR,NR,NR,NR,14,0.6,NR,NR,3.6,12,3.4,0.2
2014/7/11,豐原,RH,85,86,86,84,84,84,83,78,70,62,59,60,58,63,64,68,80,82,73,78,90,92,92,90
2014/7/11,豐原,SO2,3.6,3.3,3.5,4.3,4.3,7.4,6.3,4,3.3,2.8,2.8,3.4,5.5,6.3,4.6,8.3,4.8,3.7,3.2,2.3,1.7,1.5,1.4,1.4
2014/7/11,豐原,THC,1.7,1.7,1.7,1.7,1.8,1.7,1.7,1.7,1.9,2,2,2,1.8,1.8,1.8,1.8,1.8,1.8,1.8,1.7,1.7,1.6,1.7,1.6
2014/7/11,豐原,WD_HR,180,177,173,188,175,178,190,189,195,203,200,200,207,218,223,206,170,230,247,198,108,109,128,153
2014/7/11,豐原,WIND_DIREC,193,165,180,177,178,181,192,190,198,204,202,199,204,210,228,162,123,236,243,108,114,70,137,144
2014/7/11,豐原,WIND_SPEED,2.1,2.3,2,2.6,2.6,2.7,2.7,3.3,3.5,4.9,4.6,4.9,4.2,4.8,3.8,2.2,1.9,3.6,2.3,2,2.4,1.2,2,2.1
2014/7/11,豐原,WS_HR,2.1,2,2,2.6,2.2,2.5,2.7,2.6,3.3,4.4,4.9,4.8,4,3.2,3.8,2.8,1.8,1.9,2.3,0.7,1.7,1.5,1.7,2.2
2014/7/12,豐原,AMB_TEMP,28,28,27,27,27,27,27,29,30,32,33,33,34,34,33,33,32,32,31,31,30,30,29,29
2014/7/12,豐原,CH4,1.5,1.6,1.6,1.6,1.6,1.6,1.6,1.6,1.6,1.6,1.6,1.6,1.6,1.6,1.5,1.5,1.5,1.5,1.5,1.6,1.6,1.6,1.5,1.5
2014/7/12,豐原,CO,0.1,0.1,0.13,0.22,0.3,0.33,0.3,0.31,0.33,0.31,0.27,0.29,0.27,0.27,0.27,0.34,0.41,0.35,0.36,0.4,0.41,0.27,0.17,0.15
2014/7/12,豐原,NMHC,0.02,0.02,0.04,0.06,0.07,0.08,0.07,0.13,0.3,0.57,0.3,0.08,0.18,0.25,0.13,0.11,0.17,0.17,0.17,0.18,0.17,0.12,0.05,0.04
2014/7/12,豐原,NO,0.5,0.6,0.3,0.9,1.1,2.4,2.8,3.4,2.6,2.3,1.7,1.3,1.2,1,1.1,1.4,1.4,1.9,2,2.6,3.8,2,1.2,0.7
2014/7/12,豐原,NO2,2.4,2.6,3.8,7.2,8.3,8.8,5.9,5.5,6,7.4,6.8,6.7,6.2,8.1,6.5,6.2,8.2,10,11,13,15,8.8,4.6,3.9
2014/7/12,豐原,NOx,2.9,3.2,4.1,8.2,9.3,11,8.7,8.9,8.6,9.8,8.5,8,7.4,9.1,7.5,7.6,9.6,12,14,16,18,11,5.7,4.6
2014/7/12,豐原,O3,16,16,14,10,9.1,8.4,13,18,27,36,50,52,56,60,45,38,36,27,18,10,7.2,14,17,16
2014/7/12,豐原,PM10,22,14,24,18,27,41,34,40,20,47,42,44,36,43,46,32,30,26,31,18,33,40,37,31
2014/7/12,豐原,PM2.5,2,5,4,3,4,9,13,11,13,6,16,11,23,14,22,19,20,14,9,13,16,19,22,17
2014/7/12,豐原,RAINFALL,NR,NR,NR,NR,NR,NR,NR,NR,NR,NR,NR,NR,NR,NR,NR,NR,NR,NR,NR,NR,NR,NR,NR,NR
2014/7/12,豐原,RH,89,89,87,87,87,87,85,78,71,61,56,58,52,56,61,62,63,62,66,70,77,75,77,79
2014/7/12,豐原,SO2,2,1.4,2.4,3.9,4.7,5.7,3.7,3.3,2.2,2.1,1.7,1,3,3.5,3.7,3.2,4.7,3,2.6,2.8,2.7,1.9,1.3,1
2014/7/12,豐原,THC,1.6,1.6,1.6,1.6,1.7,1.7,1.6,1.7,1.9,2.1,1.9,1.7,1.7,1.8,1.7,1.6,1.7,1.7,1.7,1.8,1.8,1.7,1.6,1.6
2014/7/12,豐原,WD_HR,146,157,167,168,169,174,177,199,200,201,192,175,191,232,254,247,235,227,231,214,179,196,193,191
2014/7/12,豐原,WIND_DIREC,152,169,161,163,165,178,199,208,196,198,194,182,198,260,235,237,227,220,226,193,194,189,192,187
2014/7/12,豐原,WIND_SPEED,2,2.8,2.4,2.8,2.5,2.4,4.3,3.7,4.4,5,4.2,3.4,3.8,3.1,4,3.6,3.7,2.8,3.1,1.8,1.7,4.4,3.9,4.5
2014/7/12,豐原,WS_HR,2,2.4,2.7,2.5,2.6,2.5,2.9,3.8,3.7,4.1,4.2,3.3,3.6,2.9,3.1,3.3,2.8,2.9,3,2.1,1.7,3.6,4.3,4.1
2014/7/13,豐原,AMB_TEMP,28,28,29,28,28,28,29,30,31,32,33,34,34,34,34,33,33,32,32,31,30,30,29,29
2014/7/13,豐原,CH4,1.6,1.5,1.5,1.6,1.6,1.6,1.6,1.5,1.6,1.6,1.6,1.6,1.6,1.6,1.6,1.5,1.5,1.6,1.6,1.6,1.6,1.6,1.6,1.6
2014/7/13,豐原,CO,0.14,0.13,0.13,0.13,0.16,0.19,0.24,0.26,0.28,0.23,0.22,0.22,0.23,0.22,0.21,0.21,0.26,0.29,0.3,0.37,0.34,0.32,0.25,0.18
2014/7/13,豐原,NMHC,0.03,0.03,0.02,0.01,0.02,0.03,0.05,0.07,0.1,0.12,0.07,0.06,0.08,0.05,0.05,0.05,0.06,0.08,0.1,0.11,0.11,0.1,0.07,0.03
2014/7/13,豐原,NO,0.8,0.9,0.7,1.8,1.7,2.4,3.4,3.8,3.3,2.8,2.4,1.9,1.9,2,1.6,1.9,2.3,2.6,2.4,2.7,2.6,3.5,2.4,1.8
2014/7/13,豐原,NO2,3.9,3.9,3.9,3.9,3.9,4.8,4.6,4.1,5.1,5.1,4.5,4.6,5.7,5.1,5,4.4,5.2,6.8,8.9,10,11,12,7.5,4.2
2014/7/13,豐原,NOx,4.7,4.8,4.7,5.6,5.7,7.2,8,7.9,8.4,7.9,6.9,6.5,7.6,7.1,6.6,6.3,7.6,9.4,11,13,13,15,10,6
2014/7/13,豐原,O3,14,15,15,15,15,14,15,18,27,33,43,51,52,54,47,37,33,26,19,15,12,11,12,14
2014/7/13,豐原,PM10,19,19,14,26,27,23,6,4,4,7,16,22,24,25,28,29,27,22,20,15,23,38,39,32
2014/7/13,豐原,PM2.5,9,0,3,3,10,11,18,11,11,8,11,16,23,25,17,11,6,7,9,12,14,11,16,11
2014/7/13,豐原,RAINFALL,NR,NR,NR,NR,NR,NR,NR,NR,NR,NR,NR,NR,NR,NR,NR,NR,NR,NR,NR,NR,NR,NR,NR,NR
2014/7/13,豐原,RH,82,79,76,77,77,76,71,65,60,55,51,48,51,55,54,58,60,61,60,66,69,74,74,72
2014/7/13,豐原,SO2,1.6,2.7,3.1,3,2.9,3,2.3,3.5,2.2,1.8,1.5,1.1,2.9,3.3,3.5,3.4,3.5,2.9,2.4,1.6,2.9,3.6,2.1,1.8
2014/7/13,豐原,THC,1.6,1.6,1.6,1.6,1.6,1.6,1.6,1.6,1.7,1.7,1.6,1.6,1.7,1.6,1.6,1.6,1.6,1.6,1.7,1.8,1.7,1.7,1.7,1.6
2014/7/13,豐原,WD_HR,178,179,186,185,179,177,186,199,198,200,198,199,212,238,243,254,249,234,213,172,181,184,177,183
2014/7/13,豐原,WIND_DIREC,180,182,186,176,184,176,196,205,192,202,192,184,206,237,254,251,257,220,193,159,180,188,181,188
2014/7/13,豐原,WIND_SPEED,3.8,4.1,4,2.8,3.4,3,3.3,3.9,4.3,5.1,4.5,4,2.7,4,3.4,3.5,3.6,2.8,1.9,1.5,2.6,2.8,2.9,3.7
2014/7/13,豐原,WS_HR,3.4,3.6,3.9,3.4,2.6,2.5,2.7,3.8,4.2,4.5,4.4,3.9,2.3,3,3,3,3,3,2.4,1.6,2.3,2.8,3,3.1
2014/7/14,豐原,AMB_TEMP,29,28,28,28,28,28,28,29,30,32,33,33,33,34,34,33,33,32,31,30,29,28,28,28
2014/7/14,豐原,CH4,1.6,1.6,1.6,1.6,1.6,1.6,1.5,1.5,1.6,1.6,1.6,1.6,1.5,1.6,1.6,1.5,1.5,1.5,1.6,1.6,1.6,1.6,1.6,1.6
2014/7/14,豐原,CO,0.19,0.17,0.15,0.14,0.11,0.12,0.15,0.26,0.32,0.29,0.28,1.88,0.7,1.51,0.71,0.19,0.23,0.31,0.31,0.4,0.45,0.47,0.54,0.49
2014/7/14,豐原,NMHC,0.05,0.03,0.02,0.02,0.02,0.02,0.03,0.19,0.53,0.51,0.35,0.27,0.19,0.23,0.2,0.2,0.2,0.2,0.14,0.14,0.16,0.14,0.17,0.18
2014/7/14,豐原,NO,1.7,1.7,1.8,0.7,0.7,1.5,1.8,2.5,2.9,3.2,2.1,2.1,1.5,1.3,1.7,1.7,1.6,1.7,2.3,1.6,4,7.2,6.4,4.3
2014/7/14,豐原,NO2,6,6,4.5,5.2,4.8,3.8,3.7,4.7,7.1,9.2,7.8,12,7.3,7.7,8,6.4,7.2,11,15,18,19,18,17,16
2014/7/14,豐原,NOx,7.6,7.7,6.3,5.8,5.5,5.3,5.4,7.3,10,12,9.9,15,8.8,9,9.7,8.1,8.9,13,17,19,23,25,23,20
2014/7/14,豐原,O3,11,11,13,13,15,15,15,16,24,34,42,41,45,50,44,35,33,27,13,5.9,1.3,1,0.8,1.7
2014/7/14,豐原,PM10,28,26,19,18,16,12,5,12,17,18,37,23,23,47,56,57,40,21,24,29,45,45,35,21
2014/7/14,豐原,PM2.5,14,7,7,5,3,3,6,6,12,7,18,21,21,34,27,21,15,13,11,9,15,20,18,16
2014/7/14,豐原,RAINFALL,NR,NR,NR,NR,NR,NR,NR,NR,NR,NR,NR,NR,NR,NR,NR,NR,NR,NR,NR,NR,NR,NR,NR,NR
2014/7/14,豐原,RH,75,78,81,84,85,85,82,79,69,61,53,59,62,54,54,59,60,61,72,77,82,85,85,84
2014/7/14,豐原,SO2,2.6,2.1,2.5,2.5,2.5,1.9,1.1,1,1.9,3.1,2.1,6.8,3.3,3.9,4.1,1.7,1.8,2.1,5.5,6.9,5.1,4.6,4.5,3.7
2014/7/14,豐原,THC,1.7,1.7,1.6,1.6,1.6,1.6,1.6,1.7,2.1,2.1,1.9,1.8,1.7,1.8,1.8,1.7,1.7,1.7,1.7,1.7,1.7,1.7,1.8,1.8
2014/7/14,豐原,WD_HR,192,171,171,182,182,180,188,192,202,202,203,224,233,211,232,262,258,276,310,8,115,111,110,111
2014/7/14,豐原,WIND_DIREC,192,164,178,179,183,180,186,199,205,204,196,225,239,220,284,274,249,301,310,99,117,115,102,111
2014/7/14,豐原,WIND_SPEED,2.9,3.2,3.2,2.9,3.9,2.6,2.7,3.2,5.6,4.2,3.9,2.8,3.7,3.4,3.8,3.2,3.2,2.5,2.3,1.4,2,2.3,1.6,2.5
2014/7/14,豐原,WS_HR,2.9,2.8,2.9,3.2,3.1,2.9,2.8,2.7,4.4,4.4,4.1,3,3.2,3.2,2.9,3,2.4,2.2,2.2,0.4,1.8,1.9,1.8,1.9
2014/7/15,豐原,AMB_TEMP,28,27,27,28,28,28,28,29,30,31,33,33,32,32,33,32,32,32,31,29,28,28,28,27
2014/7/15,豐原,CH4,1.6,1.6,1.6,1.7,1.7,1.7,1.6,1.6,1.6,1.6,1.6,1.6,1.6,1.5,1.5,1.5,1.5,1.5,1.5,1.5,1.6,1.6,1.6,1.6
2014/7/15,豐原,CO,0.33,0.24,0.18,0.21,0.24,0.26,0.26,0.33,0.32,0.32,0.3,0.29,0.31,0.37,0.4,0.16,0.14,0.15,0.24,0.28,0.33,0.33,0.33,0.24
2014/7/15,豐原,NMHC,0.15,0.11,0.08,0.12,0.15,0.14,0.13,0.14,0.4,0.44,0.3,0.3,0.12,0.1,0.11,0.1,0.14,0.08,0.11,0.13,0.17,0.17,0.15,0.1
2014/7/15,豐原,NO,1.7,1.5,1,1.5,1.7,2.1,4.9,5,4.1,3.5,2,1.8,2.2,3.1,5.2,3.5,2.7,2.2,1.5,1.5,1.5,2.6,2.1,1.6
2014/7/15,豐原,NO2,12,8.9,7.6,9.4,9.4,9.9,8.7,8.1,9.6,10,9.3,12,12,15,14,7.3,6.1,7,7.6,10,12,13,12,9.2
2014/7/15,豐原,NOx,14,10,8.6,11,11,12,14,13,14,14,11,14,14,18,19,11,8.7,9.2,9.1,12,13,15,14,11
2014/7/15,豐原,O3,2.8,3.5,4.7,4.9,3.8,3.8,6.6,12,21,33,54,51,38,25,23,23,23,21,20,12,7.9,4.5,4.9,7.2
2014/7/15,豐原,PM10,21,21,21,21,23,33,42,45,46,53,49,46,38,55,39,19,12,20,45,33,36,22,33,33
2014/7/15,豐原,PM2.5,19,13,12,13,15,13,9,7,21,21,36,22,22,16,14,12,6,11,15,12,13,13,21,18
2014/7/15,豐原,RAINFALL,NR,NR,NR,NR,NR,NR,NR,NR,NR,NR,NR,NR,NR,NR,NR,NR,NR,NR,NR,NR,NR,NR,NR,NR
2014/7/15,豐原,RH,83,83,83,84,85,84,83,81,73,67,56,61,68,64,59,56,56,57,62,74,77,80,81,82
2014/7/15,豐原,SO2,2.7,2,2.3,2.7,2.9,3.2,3.7,3.7,3.8,3.4,3.3,4.4,6.6,8.1,9,2.7,1.5,2,2.4,2.8,2.7,2.6,2.4,2.4
2014/7/15,豐原,THC,1.8,1.7,1.7,1.8,1.8,1.8,1.8,1.7,2,2,1.9,1.9,1.7,1.6,1.6,1.6,1.7,1.6,1.7,1.7,1.8,1.8,1.7,1.7
2014/7/15,豐原,WD_HR,117,114,121,164,158,164,188,184,204,199,202,250,288,298,284,298,308,334,116,119,117,117,105,120
2014/7/15,豐原,WIND_DIREC,109,113,130,159,156,167,184,185,203,199,235,315,297,307,296,300,307,29,116,119,114,120,112,126
2014/7/15,豐原,WIND_SPEED,0.9,2.3,1.4,1,1,1.3,2.5,2.5,3.3,3,3.3,2.5,3.1,3,3,3.3,1.8,1.2,1.8,2.3,1.3,2,1.6,1.7
2014/7/15,豐原,WS_HR,1.3,2,1.6,1.4,1,1.1,2.3,1.9,2.9,2.7,2.8,1.7,2.5,1.6,2.7,3.1,2.4,0.8,1,1.9,2,2.1,1.5,2.3
2014/7/16,豐原,AMB_TEMP,27,27,26,26,26,25,26,28,29,30,31,31,32,32,32,32,31,31,30,29,28,28,28,28
2014/7/16,豐原,CH4,1.6,1.6,1.6,1.6,1.6,1.6,1.6,1.6,1.6,1.6,1.6,1.6,1.6,1.6,1.6,1.6,1.5,1.5,1.5,1.5,1.6,1.6,1.6,1.6
2014/7/16,豐原,CO,0.21,0.22,0.26,0.29,0.24,0.24,0.33,0.42,0.28,0.27,0.21,0.18,0.16,0.14,0.15,0.15,0.16,0.22,0.2,0.24,0.24,0.22,0.19,0.23
2014/7/16,豐原,NMHC,0.07,0.15,0.11,0.13,0.08,0.08,0.11,0.14,0.12,0.13,0.13,0.09,0.07,0.07,0.1,0.12,0.11,0.11,0.09,0.09,0.1,0.09,0.06,0.08
2014/7/16,豐原,NO,1.1,1.1,1.1,2.1,1.7,1.9,2.6,5.2,2.6,3,2.6,2.5,1.5,2.2,2.1,1.8,1,1.2,1.1,1.3,1.6,1.3,1.2,1.2
2014/7/16,豐原,NO2,7.5,8.1,8.8,12,9.1,7.2,6.7,10,8.2,10,11,9.7,6.7,8.1,7.9,7.4,4.8,6.2,6.6,7.9,8.1,7.3,5.3,6.5
2014/7/16,豐原,NOx,8.7,9.1,9.9,14,11,9,9.3,15,11,13,14,12,8.3,10,9.9,9.2,5.8,7.4,7.7,9.1,9.7,8.6,6.5,7.7
2014/7/16,豐原,O3,9.7,8.1,4.3,2.6,5.9,7.7,8.8,13,24,29,38,49,53,42,47,44,47,48,42,32,28,36,40,33
2014/7/16,豐原,PM10,26,20,23,24,29,29,28,24,31,37,46,38,55,41,40,35,40,38,24,33,38,47,41,41
2014/7/16,豐原,PM2.5,12,10,14,12,10,10,13,11,8,8,18,22,21,13,21,26,28,18,21,16,24,31,38,24
2014/7/16,豐原,RAINFALL,NR,NR,NR,NR,NR,NR,NR,NR,NR,NR,NR,NR,NR,NR,NR,NR,NR,NR,NR,NR,NR,NR,NR,NR
2014/7/16,豐原,RH,81,81,85,86,83,82,82,73,65,60,60,59,60,62,61,66,66,69,76,80,81,80,80,81
2014/7/16,豐原,SO2,2.3,1.9,2.2,2.4,2,1.8,2.1,2.5,4.1,6.7,6.5,4.2,3.3,2.9,3.2,2.6,1.9,2.5,3,3.7,3,2.8,2.8,3
2014/7/16,豐原,THC,1.6,1.7,1.7,1.7,1.7,1.6,1.7,1.7,1.7,1.7,1.7,1.7,1.7,1.6,1.7,1.7,1.7,1.7,1.6,1.6,1.7,1.6,1.6,1.7
2014/7/16,豐原,WD_HR,113,121,112,112,107,108,99,53,55,313,314,349,324,314,312,306,359,59,61,58,55,61,64,114
2014/7/16,豐原,WIND_DIREC,101,120,109,114,112,110,77,62,34,324,333,23,313,328,313,237,53,44,60,56,58,71,67,181
2014/7/16,豐原,WIND_SPEED,2.4,2,2.3,1.8,1.6,1.7,1.2,1.1,1.6,1.6,1.8,2.4,2.8,3,2.7,2.8,2.4,2,1.6,2.2,1.3,2.3,1.7,0.7
2014/7/16,豐原,WS_HR,1.8,1.1,1.8,1.9,1.7,1.6,1.5,0.5,0.8,1.3,1.5,0.9,1.4,1.9,1.5,1.3,0.6,0.5,0.5,1.2,0.9,1.2,1.1,0.2
2014/7/17,豐原,AMB_TEMP,27,27,27,26,26,26,27,28,30,31,33,33,33,33,34,34,33,32,31,30,30,28,28,28
2014/7/17,豐原,CH4,1.6,1.6,1.6,1.6,1.6,1.6,1.7,1.7,1.6,1.6,1.6,1.6,1.6,1.6,1.6,1.6,1.6,1.6,1.6,1.6,1.6,1.6,1.6,1.6
2014/7/17,豐原,CO,0.21,0.18,0.19,0.21,0.29,0.37,0.46,0.46,0.38,0.37,0.46,0.43,0.32,0.47,0.41,0.25,0.21,0.26,0.39,0.49,0.5,0.44,0.31,0.28
2014/7/17,豐原,NMHC,0.08,0.05,0.07,0.09,0.13,0.17,0.22,0.23,0.2,0.22,0.28,0.22,0.11,0.11,0.14,0.13,0.11,0.11,0.15,0.22,0.32,0.19,0.13,0.14
2014/7/17,豐原,NO,1.4,1,1.2,1.2,1.4,1.7,5.2,4.8,2.4,1.5,1.4,1.4,1.3,1.5,1.8,1.9,2.3,1.9,1.7,1.5,2.8,1.3,1.2,1.4
2014/7/17,豐原,NO2,6.4,5.6,5.3,4.9,6.2,7.7,12,12,8.6,7.4,10,12,8.6,11,12,9.8,9.3,10,15,17,17,13,8.9,8.6
2014/7/17,豐原,NOx,7.8,6.6,6.5,6.1,7.5,9.4,17,17,11,8.9,12,13,9.8,13,14,12,12,12,17,18,20,14,10,10
2014/7/17,豐原,O3,26,24,21,15,9.8,6.2,7,24,47,72,101,104,85,93,69,49,41,36,29,18,22,21,23,18
2014/7/17,豐原,PM10,32,31,37,50,52,39,32,54,60,60,56,65,69,66,64,66,44,39,40,43,60,49,58,34
2014/7/17,豐原,PM2.5,18,12,25,21,29,22,20,26,29,29,32,37,47,48,43,35,28,22,18,14,24,24,25,26
2014/7/17,豐原,RAINFALL,NR,NR,NR,NR,NR,NR,NR,NR,NR,NR,NR,NR,NR,NR,NR,NR,NR,NR,NR,NR,NR,NR,NR,NR
2014/7/17,豐原,RH,84,87,89,90,91,91,87,80,72,62,56,57,62,58,55,54,57,61,64,73,73,78,80,80
2014/7/17,豐原,SO2,3,1.4,1.3,1.4,1.4,1.5,2.3,3.2,2.7,3,3.2,3.4,4.9,8,7,4.1,3.1,4.2,6.5,4.8,4.2,2.8,2.9,3
2014/7/17,豐原,THC,1.7,1.6,1.6,1.7,1.7,1.8,1.9,1.9,1.8,1.8,1.9,1.9,1.7,1.7,1.7,1.7,1.7,1.7,1.7,1.8,1.9,1.8,1.7,1.8
2014/7/17,豐原,WD_HR,131,120,109,116,110,107,84,78,7.7,216,209,269,281,296,289,310,311,301,303,111,166,116,115,118
2014/7/17,豐原,WIND_DIREC,117,132,104,112,115,119,22,247,318,217,187,294,269,300,314,313,306,316,292,117,104,117,121,146
2014/7/17,豐原,WIND_SPEED,1.8,1.1,1.6,1.7,1.6,1.6,0.7,1.1,1.4,2.6,2.3,2.9,2.1,1.8,2.7,3.2,2,1.9,0.8,1.3,1.4,2.1,1,0.8
2014/7/17,豐原,WS_HR,1.3,1.2,1.6,1.9,1.5,1.3,0.5,0.4,0.6,0.6,1.9,2,1.8,2.1,2.1,2.4,2.4,2,1.2,1.4,1.3,1.8,1.9,0.9
2014/7/18,豐原,AMB_TEMP,28,27,27,26,26,26,27,30,32,33,34,34,34,32,30,30,28,27,27,27,27,26,26,26
2014/7/18,豐原,CH4,1.6,1.6,1.6,1.6,1.6,1.6,1.6,1.6,1.6,1.6,1.6,1.6,1.7,1.6,1.6,1.5,1.6,1.6,1.6,1.6,1.6,1.5,1.6,1.6
2014/7/18,豐原,CO,0.28,0.27,0.28,0.27,0.22,0.26,0.35,0.4,0.36,0.48,0.36,0.34,0.42,0.26,0.22,0.2,0.24,0.41,0.6,0.44,0.49,0.22,0.25,0.26
2014/7/18,豐原,NMHC,0.14,0.12,0.14,0.13,0.11,0.11,0.19,0.16,0.18,0.34,0.17,0.21,0.19,0.14,0.18,0.2,0.15,0.16,0.2,0.17,0.17,0.07,0.07,0.07
2014/7/18,豐原,NO,1.4,1.1,1.1,0.5,0.6,0.5,1.2,2.4,2.1,1.6,1.3,0.8,0.7,0.4,1,0.7,0.9,0.9,1.4,1.2,1.3,1.1,1.3,1.8
2014/7/18,豐原,NO2,8.6,7.2,7.8,7.8,7,7.2,8.2,9.5,9.4,13,10,11,10,9.1,14,6.9,9.9,11,16,16,13,6.3,11,13
2014/7/18,豐原,NOx,9.9,8.3,9,8.3,7.5,7.7,9.4,12,11,14,12,11,11,9.4,15,7.7,11,12,17,17,15,7.4,13,15
2014/7/18,豐原,O3,17,18,15,15,18,20,22,32,44,67,78,86,86,56,42,49,34,27,20,16,12,14,6.8,5
2014/7/18,豐原,PM10,24,26,26,30,31,40,48,64,48,33,35,38,78,46,76,37,47,31,40,42,60,77,65,33
2014/7/18,豐原,PM2.5,24,23,22,27,24,15,8,16,24,25,30,26,41,34,45,45,43,30,18,22,17,22,15,16
2014/7/18,豐原,RAINFALL,NR,NR,NR,NR,NR,NR,NR,NR,NR,NR,NR,NR,NR,NR,NR,0.4,0.4,19,0.4,NR,NR,NR,NR,NR
2014/7/18,豐原,RH,81,83,84,85,85,84,80,68,56,53,50,49,54,68,78,79,88,88,91,89,90,91,91,93
2014/7/18,豐原,SO2,2.8,1.8,1.9,1.7,1.9,1.7,2,2.5,2.6,2.8,3.3,3.9,4.2,3.7,6.2,2.4,2.2,2.2,3.6,3.7,4.1,2.6,3.5,3
2014/7/18,豐原,THC,1.8,1.7,1.8,1.8,1.7,1.7,1.8,1.8,1.8,2,1.8,1.8,1.9,1.8,1.8,1.7,1.7,1.7,1.8,1.7,1.7,1.6,1.6,1.6
2014/7/18,豐原,WD_HR,125,117,111,114,119,111,82,84,198,196,195,216,218,293,313,320,99,121,131,90,107,117,111,114
2014/7/18,豐原,WIND_DIREC,135,126,104,120,118,88,70,238,196,191,218,223,246,296,317,32,119,219,96,198,116,119,101,118
2014/7/18,豐原,WIND_SPEED,1.2,1.4,1.7,1.4,1.9,1.4,1.2,1.5,2.1,2.7,3,4,3.2,1.6,3.6,1.5,2,1.1,1.4,1.6,2.1,2.8,2,2.2
2014/7/18,豐原,WS_HR,1.4,1.7,1.4,1.3,1.8,1.4,1.1,0.1,2,2.2,2.5,2.9,3.2,1,3,1.7,1.5,1.4,1,1.2,1,2.5,2.3,1.8
2014/7/19,豐原,AMB_TEMP,26,26,27,27,26,26,26,28,29,30,31,32,31,32,31,29,30,30,30,28,28,28,28,28
2014/7/19,豐原,CH4,1.6,1.5,1.6,1.6,1.6,1.6,1.6,1.6,1.5,1.6,1.6,1.6,1.6,1.6,1.6,1.5,1.6,1.6,1.6,1.6,1.6,1.6,1.6,1.6
2014/7/19,豐原,CO,0.21,0.18,0.15,0.16,0.17,0.24,0.34,0.31,0.17,0.18,0.18,0.18,0.16,0.14,0.14,0.14,0.16,0.2,0.23,0.35,0.31,0.38,0.29,0.27
2014/7/19,豐原,NMHC,0.08,0.08,0.07,0.03,0.03,0.06,0.11,0.09,0.04,0.06,0.09,0.08,0.06,0.11,0.08,0.07,0.08,0.06,0.06,0.13,0.09,0.1,0.08,0.07
2014/7/19,豐原,NO,1.3,0.8,0.4,1,1.3,2,2.2,4.2,2.4,2.2,2,1.9,2.1,2.4,1.7,1.2,1.3,1.3,1.3,1.4,1.4,2.5,1.6,1.8
2014/7/19,豐原,NO2,8.8,5.6,4.9,3.3,3.5,5.5,6.2,6.8,4,4.9,5.4,6.5,6.7,6.8,6.6,3.9,3.3,3.6,5.4,9.7,9.9,11,8,6.7
2014/7/19,豐原,NOx,10,6.4,5.3,4.3,4.9,7.4,8.4,11,6.4,7.1,7.4,8.4,8.7,9.2,8.2,5.1,4.6,4.8,6.7,11,11,13,9.6,8.5
2014/7/19,豐原,O3,7.1,9.4,14,14,9.2,7.4,7.2,11,21,25,34,40,42,38,36,38,44,58,44,28,25,28,27,27
2014/7/19,豐原,PM10,4,23,25,25,10,19,27,41,33,40,24,25,17,18,19,17,23,24,19,27,23,23,28,31
2014/7/19,豐原,PM2.5,9,5,9,12,12,16,16,16,15,14,16,15,15,15,13,15,15,16,21,24,25,24,27,27
2014/7/19,豐原,RAINFALL,NR,NR,NR,NR,NR,NR,NR,NR,NR,NR,NR,NR,NR,NR,NR,NR,NR,NR,NR,NR,NR,NR,NR,NR
2014/7/19,豐原,RH,92,91,87,86,90,91,89,80,71,67,59,59,64,63,69,76,74,70,69,79,82,82,86,88
2014/7/19,豐原,SO2,2.5,1.7,1.6,1.4,1.3,1.2,1.8,2.3,2.1,2.6,3,3.4,2.7,1.9,1.6,1.3,1.1,1.3,2.5,2.6,2.4,2.7,3.1,3.2
2014/7/19,豐原,THC,1.6,1.6,1.7,1.6,1.6,1.6,1.7,1.7,1.6,1.6,1.7,1.7,1.6,1.7,1.7,1.6,1.6,1.6,1.6,1.7,1.7,1.7,1.7,1.7
2014/7/19,豐原,WD_HR,115,107,71,122,109,115,97,58,59,46,305,312,313,320,342,53,52,330,354,120,125,166,180,181
2014/7/19,豐原,WIND_DIREC,120,59,77,114,92,118,69,44,65,58,287,314,103,320,70,21,30,318,101,123,140,165,186,190
2014/7/19,豐原,WIND_SPEED,1.3,0.6,1.3,1.5,1.6,1.5,0.7,1.4,2.1,1.8,2.9,2.7,2.1,3,1.9,1.9,1.7,2,0.8,2,1.3,3,2.9,2
2014/7/19,豐原,WS_HR,1.4,1,0.7,0.8,1.6,1.5,0.9,1,1.2,1,1.3,2.2,1.5,1.2,0.6,0.8,0.6,1,0.4,1.6,1.7,1.9,2.6,2.3
2014/7/20,豐原,AMB_TEMP,28,27,27,29,29,29,29,29,29,31,32,33,32,32,31,31,32,31,30,29,28,28,28,28
2014/7/20,豐原,CH4,1.6,1.6,1.6,1.5,1.5,1.5,1.5,1.5,1.5,1.5,1.5,1.6,1.6,1.6,1.6,1.6,1.6,1.6,1.5,1.6,1.6,1.6,1.6,1.7
2014/7/20,豐原,CO,0.23,0.18,0.17,0.28,0.28,0.28,0.28,0.28,0.26,0.25,0.22,0.25,0.26,0.24,0.22,0.23,0.21,0.21,0.24,0.34,0.33,0.31,0.3,0.27
2014/7/20,豐原,NMHC,0.06,0.03,0.04,0.09,0.09,0.09,0.09,0.09,0.12,0.16,0.16,0.09,0.06,0.07,0.07,0.07,0.05,0.04,0.05,0.09,0.09,0.08,0.08,0.07
2014/7/20,豐原,NO,1.1,1,1.3,2.3,2.3,2.3,2.3,2.3,2.2,1.6,1.7,1.4,1.4,1.3,1.7,1.4,1.2,1.2,1.1,1.2,1.5,1.2,1.1,1.3
2014/7/20,豐原,NO2,5.5,3.7,3,5.4,5.4,5.4,5.4,5.4,4.7,4.7,3.9,4,4.6,7.5,11,8.8,4.3,4.1,3.9,7.3,7.4,6.6,5.7,4.2
2014/7/20,豐原,NOx,6.6,4.7,4.3,7.7,7.7,7.7,7.7,7.7,6.9,6.3,5.6,5.4,6,8.8,12,10,5.5,5.2,5,8.5,8.9,7.8,6.8,5.5
2014/7/20,豐原,O3,28,29,31,30,30,30,30,30,30,39,48,59,69,70,68,77,72,59,52,31,27,27,36,48
2014/7/20,豐原,PM10,47,39,41,55,55,55,55,55,39,43,23,38,49,73,58,24,21,43,70,72,64,62,50,50
2014/7/20,豐原,PM2.5,26,27,25,18,18,18,18,18,15,15,18,21,23,27,31,30,27,26,17,23,19,27,18,30
2014/7/20,豐原,RAINFALL,NR,NR,NR,NR,NR,NR,NR,NR,NR,NR,NR,NR,NR,NR,NR,NR,NR,NR,NR,NR,NR,NR,NR,NR
2014/7/20,豐原,RH,88,89,89,81,81,81,81,81,77,70,62,57,66,68,72,73,68,68,70,80,84,86,86,86
2014/7/20,豐原,SO2,2.9,1.9,1.8,3.9,3.9,3.9,3.9,3.9,2.9,2.2,1.9,1.7,2.6,2.4,3.6,3.1,2.4,2.3,2.9,2.6,2.5,2.5,2.7,3.3
2014/7/20,豐原,THC,1.7,1.7,1.6,1.6,1.6,1.6,1.6,1.6,1.7,1.7,1.7,1.6,1.7,1.7,1.7,1.7,1.6,1.6,1.6,1.6,1.6,1.7,1.7,1.7
2014/7/20,豐原,WD_HR,183,178,175,199,199,199,199,199,204,215,197,255,307,310,305,303,324,66,80,115,120,119,121,170
2014/7/20,豐原,WIND_DIREC,180,176,194,201,201,201,201,201,193,218,174,341,302,290,306,331,317,62,124,113,119,127,133,172
2014/7/20,豐原,WIND_SPEED,1.9,1.8,1.5,1.8,1.8,1.8,1.8,1.8,2.6,3,1.6,1.7,3.9,3.3,3.3,2.8,3.1,2,1.9,1.9,1.4,1.6,1.4,1.7
2014/7/20,豐原,WS_HR,1.9,1.8,1.7,1.5,1.5,1.5,1.5,1.5,2.6,2.8,1.8,0.7,3.1,2.6,1.8,1.2,0.9,0.8,0.9,2,1.6,1.7,1.3,1.6
2014/8/1,豐原,AMB_TEMP,28,28,28,28,28,28,28,29,30,31,32,33,33,33,35,34,33,32,31,30,30,29,29,29
2014/8/1,豐原,CH4,1.6,1.6,1.6,1.6,1.6,1.6,1.6,1.6,1.6,1.6,1.6,1.6,1.6,1.6,1.7,1.7,1.7,1.7,1.7,1.7,1.7,1.7,1.7,1.7
2014/8/1,豐原,CO,0.26,0.2,0.16,0.16,0.16,0.16,0.19,0.28,0.22,0.23,0.23,0.27,0.26,0.25,0.28,0.29,0.38,0.37,0.29,0.31,0.33,0.31,0.28,0.24
2014/8/1,豐原,NMHC,0.17,0.1,0.05,0.03,0.01,0.01,0.02,0.05,0.04,0.08,0.1,0.17,0.14,0.09,0.17,0.08,0.26,0.19,0.05,0.07,0.09,0.12,0.09,0.05
2014/8/1,豐原,NO,0.4,0.5,0.3,1.1,0.9,1.1,1.3,2.1,2.1,2.3,1.5,1.4,1,1.1,1.2,3.4,0.9,0.8,1,0.9,1.3,0.8,0.8,0.7
2014/8/1,豐原,NO2,7,5,3.9,3.7,2.3,2.8,3.6,4.8,5.3,6.3,3.7,5,4,5,6.5,12,12,9.9,7,6.3,8.5,7.6,7,4.9
2014/8/1,豐原,NOx,7.4,5.4,4.2,4.8,3.2,3.9,4.8,6.9,7.4,8.5,5.3,6.4,5,6.1,7.7,16,13,11,8,7.1,9.8,8.3,7.7,5.6
2014/8/1,豐原,O3,41,37,30,28,31,33,29,30,34,41,50,54,58,63,71,64,69,60,55,54,48,49,47,50
2014/8/1,豐原,PM10,62,64,49,49,39,29,14,26,27,40,60,66,90,55,66,36,75,63,71,49,51,61,58,55
2014/8/1,豐原,PM2.5,9,14,12,12,11,13,18,13,11,20,17,25,21,29,31,26,33,38,38,32,28,33,29,25
2014/8/1,豐原,RAINFALL,NR,NR,NR,NR,NR,NR,NR,NR,NR,NR,NR,NR,NR,NR,NR,NR,NR,NR,NR,NR,NR,NR,NR,NR
2014/8/1,豐原,RH,86,86,86,83,78,75,73,75,72,68,66,61,60,61,56,58,64,67,62,70,77,79,80,80
2014/8/1,豐原,SO2,6.5,3.8,4.2,4,2.9,2.7,2.6,2.6,2.6,2.6,2.5,2.4,2.4,2,2.5,2.2,4.5,3.7,2.5,2.8,3.2,3.4,3.2,3.2
2014/8/1,豐原,THC,1.8,1.7,1.7,1.6,1.6,1.6,1.6,1.6,1.6,1.7,1.7,1.8,1.8,1.7,1.8,1.8,2,1.9,1.7,1.8,1.8,1.8,1.8,1.7
2014/8/1,豐原,WD_HR,209,192,175,164,169,165,171,174,181,186,179,189,188,180,185,177,202,186,175,178,183,193,194,182
2014/8/1,豐原,WIND_DIREC,204,177,172,176,166,171,165,173,184,193,187,178,194,179,186,187,217,150,187,178,190,196,187,178
2014/8/1,豐原,WIND_SPEED,2.9,2.8,2.7,3.9,2.8,3.1,3.3,3.9,3.8,4.9,3.8,4,4.3,3.5,4.5,3.7,4.6,2.7,3.4,3.1,3.9,6.3,4.1,4.3
2014/8/1,豐原,WS_HR,3,2.8,2.7,3.2,2.9,2.7,3.1,3.6,3.8,4.3,3.6,4.2,3.7,3.3,3.7,3.3,3.5,3.6,3,2.9,3.6,5.3,5.2,4.1
2014/8/2,豐原,AMB_TEMP,29,28,28,28,28,28,28,29,30,32,32,33,33,34,33,32,31,32,31,30,29,29,29,29
2014/8/2,豐原,CH4,1.7,1.6,1.6,1.6,1.6,1.6,1.6,1.6,1.6,1.6,1.7,1.6,1.6,1.7,1.7,1.6,1.6,1.6,1.7,1.7,1.7,1.7,1.7,1.6
2014/8/2,豐原,CO,0.22,0.2,0.19,0.18,0.17,0.18,0.24,0.33,0.33,0.33,0.49,1.52,1.65,1.53,1.44,0.41,0.24,0.31,0.36,0.23,0.23,0.24,0.22,0.23
2014/8/2,豐原,NMHC,0.04,0.03,0.03,0.04,0.03,0.02,0.04,0.12,0.33,0.38,0.42,0.29,0.18,0.2,0.22,0.07,0.05,0.1,0.08,0.05,0.05,0.05,0.05,0.06
2014/8/2,豐原,NO,0.9,0.8,0.5,1.2,1,1.3,1.3,1.7,2.4,2.4,2.3,1.8,1.8,1.8,1.5,1.5,1.9,1.6,1.4,1.4,1.3,1.6,1.2,1.5
2014/8/2,豐原,NO2,3.8,3.6,3,3,2.6,2.2,3.5,4.7,6.8,7.2,7.2,7.4,6.2,6.2,6.2,4.3,6.2,4.5,5.1,5.2,4.6,5.9,4.6,5.5
2014/8/2,豐原,NOx,4.6,4.4,3.5,4.1,3.6,3.5,4.8,6.4,9.2,9.6,9.4,9.2,8.1,8,7.7,5.8,8,6.1,6.5,6.6,5.9,7.5,5.8,6.9
2014/8/2,豐原,O3,49,47,45,38,37,40,38,35,37,44,54,56,56,60,63,54,49,51,49,44,40,37,35,29
2014/8/2,豐原,PM10,44,39,35,23,30,24,22,20,21,40,46,71,73,110,105,109,71,42,32,34,34,33,34,45
2014/8/2,豐原,PM2.5,22,20,19,21,20,18,12,15,13,18,27,30,44,48,65,50,38,10,15,15,15,13,12,22
2014/8/2,豐原,RAINFALL,NR,NR,NR,NR,NR,NR,NR,NR,NR,NR,NR,NR,NR,NR,NR,NR,NR,NR,NR,NR,NR,NR,NR,NR
2014/8/2,豐原,RH,80,80,81,82,82,78,75,69,65,60,60,60,57,54,57,60,62,63,68,73,76,77,79,82
2014/8/2,豐原,SO2,3.2,3.2,2.7,2.7,2.5,2.2,2.3,2.6,3,3.1,4,3.2,5.7,7.6,9.3,2.8,2.5,2.7,3.3,2.7,2.8,2.7,2.6,3.1
2014/8/2,豐原,THC,1.7,1.7,1.7,1.7,1.6,1.7,1.7,1.8,2,2,2.1,1.9,1.8,1.9,1.9,1.7,1.7,1.7,1.7,1.7,1.7,1.7,1.7,1.7
2014/8/2,豐原,WD_HR,183,186,176,187,186,179,183,192,195,198,203,194,204,202,202,144,167,189,182,169,172,174,181,187
2014/8/2,豐原,WIND_DIREC,187,177,172,187,182,185,194,195,198,202,206,198,213,204,194,137,180,192,174,169,166,184,183,190
2014/8/2,豐原,WIND_SPEED,4.6,3.8,4,4.2,4.1,4.5,3.7,3.9,5.2,6.5,6.3,5.9,5.6,5.3,5.4,2.8,3.2,3.9,3.1,3.4,2.6,2.7,3.3,3.6
2014/8/2,豐原,WS_HR,4,4.2,3.7,4.4,4,4,3.4,3.6,4.4,5.5,6,5.3,5.4,5.1,5.3,3,2.4,3.8,3,3.3,3,2.3,2.9,3.4
2014/8/3,豐原,AMB_TEMP,28,28,28,28,28,27,28,29,30,31,33,34,34,34,34,33,33,32,31,30,29,29,28,27
2014/8/3,豐原,CH4,1.6,1.6,1.6,1.6,1.6,1.6,1.6,1.6,1.6,1.6,1.6,1.6,1.6,1.6,1.6,1.6,1.6,1.6,1.6,1.6,1.6,1.6,1.6,1.6
2014/8/3,豐原,CO,0.2,0.18,0.17,0.18,0.18,0.19,0.25,0.25,0.32,0.29,0.23,0.21,0.23,0.21,0.21,0.21,0.26,0.28,0.29,0.34,0.34,0.33,0.28,0.27
2014/8/3,豐原,NMHC,0.06,0.07,0.05,0.04,0.04,0.05,0.06,0.07,0.1,0.1,0.08,0.07,0.07,0.07,0.06,0.06,0.08,0.09,0.11,0.14,0.15,0.13,0.1,0.09
2014/8/3,豐原,NO,1.4,1.2,1,1.5,1.5,1.9,3.7,2.1,3.5,2.6,2.3,2.1,2.2,1.8,1.7,1.8,2.3,1.9,2.1,2.6,2.9,3.3,2.5,2.6
2014/8/3,豐原,NO2,5.7,4.5,4.1,3.6,3.5,4.4,5.7,4,6.9,6.5,4.4,4.4,5.1,4.9,5.1,5.1,7.2,7.4,11,12,13,12,11,9.5
2014/8/3,豐原,NOx,7.1,5.7,5.1,5.1,5,6.4,9.3,6.1,10,9,6.8,6.5,7.3,6.8,6.8,6.9,9.6,9.4,13,14,16,15,14,12
2014/8/3,豐原,O3,25,25,24,23,22,20,19,24,29,38,39,43,52,50,47,46,39,36,20,13,7.8,5.1,4,3.9
2014/8/3,豐原,PM10,54,53,49,54,40,44,30,32,30,45,39,49,47,55,39,15,11,21,32,30,23,27,24,17
2014/8/3,豐原,PM2.5,27,23,20,12,21,18,20,22,20,24,12,21,16,22,15,22,16,23,22,19,7,0,2,5
2014/8/3,豐原,RAINFALL,NR,NR,NR,NR,NR,NR,NR,NR,NR,NR,NR,NR,NR,NR,NR,NR,NR,NR,NR,NR,NR,NR,2.2,NR
2014/8/3,豐原,RH,84,86,86,86,86,87,86,79,70,60,53,48,49,51,57,58,60,61,59,65,72,77,87,90
2014/8/3,豐原,SO2,3.1,2.3,2,2.1,2.3,2.2,2.5,3.1,3.3,2.7,2.2,2,1.7,2,3.1,3.3,3.6,4.1,3.8,3,3.3,3,2.1,2.4
2014/8/3,豐原,THC,1.7,1.7,1.7,1.7,1.6,1.6,1.7,1.7,1.7,1.7,1.7,1.7,1.7,1.7,1.7,1.6,1.7,1.7,1.7,1.7,1.7,1.7,1.7,1.7
2014/8/3,豐原,WD_HR,192,194,183,178,180,184,184,195,199,200,202,199,204,211,228,244,264,266,230,145,96,116,119,147
2014/8/3,豐原,WIND_DIREC,197,192,183,178,184,186,179,202,203,198,199,205,189,218,218,247,289,243,217,121,90,114,118,198
2014/8/3,豐原,WIND_SPEED,4.4,3.8,2.9,3.4,3.5,3,2.5,4.1,4.6,5.1,4.3,4,3,2.4,3.2,3.4,3,2.9,1.6,1.6,1.2,1.7,2,3.1
2014/8/3,豐原,WS_HR,3.7,3.8,3.4,3.3,3.2,2.8,2.8,3.3,3.9,4.2,4.3,4.1,3.1,2.3,2.6,3,2.5,2.6,2,0.8,1,1.4,1.9,1.5
2014/8/4,豐原,AMB_TEMP,27,27,27,27,27,27,27,27,28,29,30,31,31,31,31,30,30,29,29,28,28,28,27,27
2014/8/4,豐原,CH4,1.6,1.6,1.6,1.6,1.6,1.6,1.6,1.6,1.6,1.6,1.6,1.6,1.7,1.6,1.6,1.7,1.6,1.7,1.7,1.6,1.6,1.6,1.6,1.6
2014/8/4,豐原,CO,0.17,0.15,0.15,0.15,0.17,0.22,0.34,0.31,0.36,0.38,0.34,0.42,0.38,0.34,0.21,0.22,0.22,0.26,0.27,0.25,0.3,0.28,0.24,0.23
2014/8/4,豐原,NMHC,0.06,0.05,0.05,0.03,0.04,0.05,0.08,0.07,0.44,0.36,0.23,0.23,0.19,0.12,0.1,0.17,0.18,0.15,0.13,0.1,0.12,0.08,0.06,0.07
2014/8/4,豐原,NO,1.9,1.6,1.4,0.2,0.4,1.4,2.3,2.7,3,2.7,2,1.1,0.7,1.4,0.8,0.8,0.6,0.5,0.4,0.4,0.3,0.4,1.1,1
2014/8/4,豐原,NO2,5,3.9,3.5,4,5.1,6.4,11,6.4,9.4,8.1,6.9,9.2,10,13,7.6,6.9,6,8,7.8,7.5,9.4,8.4,8.6,7.5
2014/8/4,豐原,NOx,6.9,5.4,4.9,4.2,5.5,7.8,14,9.1,12,11,8.9,10,11,14,8.4,7.6,6.7,8.4,8.2,7.9,9.8,8.8,9.7,8.5
2014/8/4,豐原,O3,23,23,20,12,10,8.2,14,22,23,30,48,72,81,50,60,59,54,47,43,33,25,17,14,11
2014/8/4,豐原,PM10,2,2,8,19,24,22,30,22,33,20,50,37,44,42,39,40,31,42,42,28,30,31,28,25
2014/8/4,豐原,PM2.5,7,3,1,0,2,3,3,2,3,12,12,19,21,27,22,15,21,17,13,9,14,19,10,10
2014/8/4,豐原,RAINFALL,0.4,0.2,NR,NR,NR,NR,NR,NR,NR,NR,NR,NR,NR,NR,NR,NR,NR,NR,NR,0.4,NR,NR,NR,NR
2014/8/4,豐原,RH,91,91,90,91,91,91,90,87,83,80,72,67,70,69,71,73,77,79,81,86,86,88,88,89
2014/8/4,豐原,SO2,2.2,1.9,2,2.2,2.9,2.9,4.4,3,3.8,3.3,2.5,2.4,2.8,6.8,3.9,3.7,3.8,4,3.3,3.2,2.9,2.6,2.1,2.2
2014/8/4,豐原,THC,1.7,1.6,1.7,1.6,1.7,1.7,1.7,1.7,2.1,2,1.8,1.9,1.9,1.8,1.7,1.8,1.8,1.8,1.8,1.7,1.7,1.7,1.7,1.7
2014/8/4,豐原,WD_HR,198,167,71,122,169,156,204,194,202,198,207,242,295,305,307,314,309,334,359,54,107,120,131,115
2014/8/4,豐原,WIND_DIREC,190,77,85,122,134,197,192,193,208,184,186,258,295,297,312,309,300,319,57,63,120,129,137,115
2014/8/4,豐原,WIND_SPEED,1,0.8,1.5,0.9,1,1.1,2.4,1.8,2.8,1.8,1.6,2.1,2.8,3.2,2.4,3,2.4,1.4,1.6,1.1,1.2,1,1,0.9
2014/8/4,豐原,WS_HR,2.1,0.8,1.1,0.9,0.9,0.9,2.1,1.9,2.8,2.6,1.4,1.4,2.1,2.6,2.6,2.3,2.5,0.6,0.5,0.7,1,1.5,1.1,1.1
2014/8/5,豐原,AMB_TEMP,27,27,27,27,27,27,27,27,26,27,25,26,27,29,31,31,31,30,30,28,27,27,26,27
2014/8/5,豐原,CH4,1.6,1.6,1.6,1.7,1.7,1.7,1.6,1.6,1.6,1.6,1.6,1.6,1.6,1.6,1.6,1.6,1.6,1.6,1.6,1.6,1.6,1.7,1.6,1.6
2014/8/5,豐原,CO,0.21,0.2,0.2,0.22,0.23,0.25,0.31,0.33,0.19,0.17,0.19,0.17,0.15,0.13,0.12,0.14,0.16,0.19,0.21,0.36,0.29,0.29,0.22,0.19
2014/8/5,豐原,NMHC,0.07,0.06,0.07,0.09,0.09,0.07,0.11,0.12,0.1,0.1,0.15,0.15,0.05,0.03,0.04,0.08,0.11,0.11,0.13,0.18,0.13,0.11,0.07,0.06
2014/8/5,豐原,NO,0.6,0.7,0.4,0.9,1.1,2.1,2.5,2.9,1.7,1.9,1.6,2.2,1.8,1.2,1,2,3,1.8,1.2,1.8,1.5,1.9,1.8,1.4
2014/8/5,豐原,NO2,7.6,6.6,6.8,7.7,8,8.4,11,12,6.6,5.7,7.1,7.2,3.8,3.1,2.8,7.1,10,6,6.8,11,9.3,10,8.5,7.6
2014/8/5,豐原,NOx,8.2,7.3,7.2,8.7,9.1,11,13,15,8.3,7.6,8.8,9.3,5.5,4.3,3.8,9.1,13,7.8,8,13,11,12,10,9
2014/8/5,豐原,O3,10,9.9,7.8,6.6,6.1,5.6,16,15,22,22,29,25,27,34,38,32,28,32,26,13,11,8.2,9,8.6
2014/8/5,豐原,PM10,19,29,22,14,32,30,42,21,21,12,12,12,25,17,33,26,32,28,19,17,8,30,34,32
2014/8/5,豐原,PM2.5,17,17,13,2,6,12,22,19,14,6,16,11,12,0,6,11,15,14,7,5,4,2,6,4
2014/8/5,豐原,RAINFALL,NR,NR,NR,NR,NR,NR,NR,NR,0.8,1.2,2.2,0.8,NR,NR,NR,NR,NR,NR,NR,NR,NR,NR,NR,NR
2014/8/5,豐原,RH,89,89,89,89,91,90,90,90,91,87,93,91,88,77,65,61,63,67,65,76,82,84,85,85
2014/8/5,豐原,SO2,2.1,1.6,1.5,1.6,2.1,2.2,3.6,3.7,2.1,2.4,1.7,2.1,1.8,1.5,1.2,1.9,2.2,2.1,2.3,2.2,2.1,2.1,1.6,1.8
2014/8/5,豐原,THC,1.7,1.7,1.7,1.8,1.8,1.8,1.7,1.8,1.7,1.7,1.7,1.7,1.6,1.6,1.6,1.7,1.7,1.7,1.7,1.8,1.8,1.8,1.7,1.7
2014/8/5,豐原,WD_HR,115,114,115,135,141,154,204,319,46,28,305,57,44,54,3.8,312,306,303,299,117,119,112,119,119
2014/8/5,豐原,WIND_DIREC,126,103,93,193,121,163,316,328,58,301,102,55,324,58,312,315,309,301,297,118,116,114,118,109
2014/8/5,豐原,WIND_SPEED,1.2,0.7,1,1.7,1.3,1.4,1,1.8,1.6,4.3,1.9,2.2,3,2.9,3.2,2.8,2.4,2.4,1.1,2.3,2.2,2.1,2.2,1.8
2014/8/5,豐原,WS_HR,1.2,1,1,0.5,1,1,1,0.9,0.6,1,0.4,0.6,1.1,1.5,0.6,1.4,2.1,2.1,1.6,1.5,2.3,1.7,1.9,1.9
2014/8/6,豐原,AMB_TEMP,27,27,27,27,27,26,27,28,28,28,29,30,32,31,31,32,31,31,30,29,28,28,27,27
2014/8/6,豐原,CH4,1.7,1.7,1.8,1.8,1.7,1.7,1.7,1.7,1.6,1.6,1.6,1.6,1.6,1.7,1.7,1.7,1.7,1.7,1.7,1.7,1.7,1.7,1.7,1.7
2014/8/6,豐原,CO,0.23,0.32,0.34,0.35,0.34,0.39,0.45,0.45,0.3,0.23,0.23,0.2,0.19,0.29,0.32,0.31,0.41,0.47,0.49,0.56,0.52,0.45,0.39,0.37
2014/8/6,豐原,NMHC,0.1,0.15,0.17,0.18,0.17,0.18,0.18,0.15,0.08,0.06,0.08,0.04,0.05,0.11,0.24,0.22,0.13,0.09,0.12,0.2,0.19,0.16,0.13,0.09
2014/8/6,豐原,NO,1.3,1.2,1.1,1.9,2,3,3.3,3.1,4,1.4,1.9,1.6,1.6,1.2,1.5,1.7,1.3,1.7,1.7,1.8,1.8,1.6,1.5,1.7
2014/8/6,豐原,NO2,8.5,11,11,11,11,10,9.9,9.2,8.1,5.4,5.5,4,3.6,8.1,9.9,12,12,17,18,19,17,15,15,20
2014/8/6,豐原,NOx,9.8,12,12,13,13,13,13,12,12,6.8,7.4,5.6,5.2,9.4,11,14,14,18,19,21,19,16,16,21
2014/8/6,豐原,O3,8.2,7.3,7.7,6.6,3.6,3.8,6.7,13,21,28,32,35,41,61,84,82,77,50,39,24,16,15,14,7.2
2014/8/6,豐原,PM10,21,37,49,55,35,36,35,35,34,27,34,21,17,26,57,70,85,72,74,39,54,41,49,34
2014/8/6,豐原,PM2.5,11,9,13,12,16,13,6,11,9,11,1,10,7,20,16,27,30,38,37,29,27,19,22,22
2014/8/6,豐原,RAINFALL,NR,NR,NR,NR,NR,NR,NR,NR,NR,NR,NR,NR,NR,NR,NR,NR,NR,NR,NR,NR,NR,NR,NR,NR
2014/8/6,豐原,RH,85,87,89,90,89,89,88,83,78,75,73,67,59,64,68,68,69,69,70,80,85,87,89,88
2014/8/6,豐原,SO2,2.1,3.1,3.1,3.1,3.1,3,3,3.4,2.9,2.6,2.3,2.4,2.1,3.3,4.3,4.9,7.4,9.2,7.3,4.7,3.5,3.2,3.4,4.7
2014/8/6,豐原,THC,1.8,1.9,1.9,1.9,1.9,1.9,1.9,1.8,1.7,1.7,1.7,1.6,1.6,1.8,1.9,1.9,1.8,1.8,1.8,1.9,1.9,1.9,1.8,1.8
2014/8/6,豐原,WD_HR,118,115,113,113,124,112,104,124,177,128,99,111,126,295,308,304,304,297,272,117,117,118,119,125
2014/8/6,豐原,WIND_DIREC,123,116,116,115,109,103,102,153,151,126,103,103,108,300,305,304,296,307,171,125,113,122,121,115
2014/8/6,豐原,WIND_SPEED,1,1.3,1.4,1.6,1.4,1,1.3,1.4,1.7,2,1.3,1.8,2,2.7,1.6,2.8,2.9,1.7,0.7,1,1.6,1.8,1.7,1.7
2014/8/6,豐原,WS_HR,1.3,1.2,1.5,1,1.1,1,1.1,0.9,1.7,1.6,1.5,1.4,0.7,1.7,1.5,2.1,2.4,2.1,0.7,0.7,1.2,1.6,1.9,1.8
2014/8/7,豐原,AMB_TEMP,26,26,27,27,26,26,27,28,29,30,32,33,32,30,30,31,29,29,29,28,27,27,27,27
2014/8/7,豐原,CH4,1.7,1.7,1.7,1.8,1.7,1.7,1.7,1.6,1.6,1.6,1.6,1.7,1.7,1.7,1.6,1.6,1.7,1.7,1.7,1.7,1.7,1.7,1.7,1.7
2014/8/7,豐原,CO,0.49,0.51,0.42,0.38,0.33,0.35,0.41,0.35,0.31,0.25,0.43,1.99,0.36,0.34,0.38,0.35,0.37,0.33,0.31,0.26,0.24,0.22,0.18,0.2
2014/8/7,豐原,NMHC,0.08,0.09,0.14,0.14,0.14,0.14,0.16,0.18,0.28,0.19,0.24,0.21,0.2,0.13,0.18,0.13,0.11,0.11,0.1,0.08,0.07,0.05,0.04,0.06
2014/8/7,豐原,NO,2,1.9,1.5,1.9,1.8,2.2,3.2,3.5,3.1,2.6,2.2,2.2,2.1,2.1,2.9,2.7,2.6,2.8,2.5,2.5,2,2,2.5,2
2014/8/7,豐原,NO2,20,16,12,8.5,7.2,7.9,7.9,7.4,7.1,5.3,10,10,9.5,8.8,13,9.2,9.5,9.2,7.8,6.5,5.2,5.8,5.1,4.4
2014/8/7,豐原,NOx,22,18,14,10,9,10,11,11,10,7.9,12,12,12,11,16,12,12,12,10,9,7.3,7.7,7.6,6.3
2014/8/7,豐原,O3,5,7,10,17,13,9.7,13,29,33,44,64,77,231,231,0,35,35,42,39,32,22,20,22,21
2014/8/7,豐原,PM10,38,54,50,62,53,49,37,37,27,25,21,59,58,63,29,29,28,21,23,29,29,24,8,10
2014/8/7,豐原,PM2.5,23,25,21,27,22,27,19,22,21,33,28,28,34,37,35,35,22,13,15,11,22,17,15,5
2014/8/7,豐原,RAINFALL,NR,NR,NR,NR,NR,NR,NR,NR,NR,NR,NR,NR,NR,2,NR,NR,NR,NR,NR,NR,NR,NR,NR,NR
2014/8/7,豐原,RH,88,90,90,90,92,93,91,83,78,71,60,57,66,80,84,71,79,76,79,84,88,87,88,88
2014/8/7,豐原,SO2,5.1,2.9,2.9,3.8,3.4,2.8,2.8,4.6,3.8,2.7,2.2,1.6,1.5,1.1,4.3,-1.6,2.7,1.9,2.4,1.8,1.8,1.7,1.2,1.1
2014/8/7,豐原,THC,1.8,1.8,1.9,1.9,1.8,1.8,1.8,1.8,1.9,1.8,1.9,1.9,1.9,1.8,1.8,1.8,1.8,1.8,1.8,1.8,1.7,1.7,1.7,1.8
2014/8/7,豐原,WD_HR,114,113,124,158,111,104,122,199,208,187,198,220,267,131,322,279,130,161,169,154,128,139,154,176
2014/8/7,豐原,WIND_DIREC,118,99,135,116,109,86,200,209,207,190,194,282,286,109,312,114,165,173,166,124,127,146,181,184
2014/8/7,豐原,WIND_SPEED,1.7,0.9,1.1,0.9,1,1.1,1,2.3,2.1,2.2,2.9,2.7,2.6,2.6,2.7,2.6,1.8,2.1,1.6,1.5,1.8,1.5,1.3,2.1
2014/8/7,豐原,WS_HR,1.6,1.7,1.1,1,1,1.3,0.7,1.7,1.7,1.6,2.3,2.3,2.1,0.8,1.2,0.8,1.7,1.9,1.6,1.7,1.7,1.5,1.3,1.8
2014/8/8,豐原,AMB_TEMP,27,27,27,27,27,27,27,28,30,31,32,33,34,34,33,32,30,29,27,27,25,26,26,26
2014/8/8,豐原,CH4,1.7,1.6,1.7,1.7,1.7,1.7,1.6,1.6,1.6,1.6,1.6,1.6,0,1.7,1.7,1.7,1.7,1.7,1.7,1.7,1.7,1.7,1.7,1.7
2014/8/8,豐原,CO,0.18,0.12,0.14,0.15,0.13,0.16,0.17,0.26,0.24,0.23,0.23,0.26,0.27,0.27,0.25,0.27,0.27,0.29,0.33,0.26,0.2,0.23,0.17,0.21
2014/8/8,豐原,NMHC,0.07,0.02,0.05,0.03,0.02,0.03,0.03,0.05,0.28,0.3,0.38,0.36,0.26,0.26,0.2,0.18,0.16,0.13,0.13,0.09,0.07,0.06,0.03,0.07
2014/8/8,豐原,NO,2.1,1.9,1.9,1,0.8,1.6,1.9,3.2,2.3,2.7,1.8,1.5,1.5,1.3,0.9,1.5,0.9,0.9,0.5,0.7,0.6,0.8,1.2,1.1
2014/8/8,豐原,NO2,4.8,2.3,2.7,3.7,3.2,5.2,4.9,5,5.8,7.2,7.6,7.5,7.3,8.5,8.2,11,8.5,8.3,10,8.6,6.2,6.1,4.7,5
2014/8/8,豐原,NOx,6.9,4.2,4.7,4.7,4,6.8,6.8,8.1,8,9.9,9.4,9.1,8.7,9.8,9,12,9.4,9.2,11,9.3,6.9,6.9,5.9,6.1
2014/8/8,豐原,O3,20,23,20,20,21,19,19,22,26,34,45,54,61,66,72,64,61,59,42,40,47,37,32,27
2014/8/8,豐原,PM10,30,30,45,32,51,43,40,49,31,51,23,35,12,23,32,53,69,53,33,25,20,30,12,34
2014/8/8,豐原,PM2.5,8,6,11,4,4,6,10,10,6,3,5,2,8,14,21,22,26,26,25,16,13,6,3,4
2014/8/8,豐原,RAINFALL,NR,NR,NR,NR,NR,NR,NR,NR,NR,NR,NR,NR,NR,NR,NR,0.4,0.8,NR,21,21,17,NR,NR,3.8
2014/8/8,豐原,RH,89,89,89,90,90,90,88,82,72,66,61,57,55,54,54,64,75,75,90,92,97,93,92,94
2014/8/8,豐原,SO2,1.3,2,2.8,2.3,2.8,2.7,2.9,2.8,3.6,2.7,2.5,1.8,2.5,2,2.5,3.7,4.5,3.7,3.6,3,2.8,2.7,2,2.4
2014/8/8,豐原,THC,1.8,1.7,1.7,1.7,1.7,1.7,1.7,1.7,1.9,1.9,2,2,0,1.9,1.9,1.9,1.8,1.8,1.8,1.8,1.7,1.7,1.7,1.7
2014/8/8,豐原,WD_HR,174,182,185,169,173,173,178,183,200,204,195,202,205,202,280,281,298,106,132,142,168,123,160,185
2014/8/8,豐原,WIND_DIREC,176,193,172,165,171,179,178,176,194,201,194,212,214,208,0,263,280,115,138,137,115,158,155,163
2014/8/8,豐原,WIND_SPEED,2.4,2.1,2,1.9,2.4,2.4,2.4,2.4,3.6,2.5,3.1,2.6,3.2,2.7,0,2.5,2.6,2.7,2.1,1.9,1.7,1.8,1.5,1.9
2014/8/8,豐原,WS_HR,2.3,2.4,1.8,1.9,2.3,1.9,2.2,2.2,3.6,2.8,2.6,2.6,2.9,2.6,2,2.6,1.2,0.7,1.7,2.5,2.4,1.8,2,1.3
2014/8/9,豐原,AMB_TEMP,26,26,26,26,25,26,26,27,29,30,31,32,32,32,31,30,28,27,27,27,27,27,26,26
2014/8/9,豐原,CH4,1.7,1.6,1.6,1.7,1.6,1.6,1.6,1.6,1.6,1.6,1.6,1.7,1.7,1.7,1.7,1.7,1.6,1.7,1.7,1.7,1.7,1.7,1.7,1.6
2014/8/9,豐原,CO,0.13,0.14,0.13,0.13,0.12,0.14,0.19,0.22,0.22,0.23,0.29,0.38,1.11,2.3,2.29,0.92,0.29,1.63,0.38,0.29,0.33,0.66,0.22,0.15
2014/8/9,豐原,NMHC,0.02,0.04,0.03,0.01,0.01,0.01,0.02,0.03,0.34,0.25,0.32,0.22,0.19,0.22,0.2,0.15,0.07,0.16,0.09,0.07,0.08,0.09,0.04,0.01
2014/8/9,豐原,NO,0.6,0.8,0.5,0.4,0.5,1.1,1.5,2.8,2,2,2.3,1.7,1.2,1.2,1.2,1.3,1.1,1.2,0.9,1.5,1.4,1,0.7,0.6
2014/8/9,豐原,NO2,3.3,3.8,3.5,2,1.6,2.9,2.9,3.3,3.2,4.7,7.9,7.5,7.2,7.8,8.5,6.8,3.7,6.1,6.5,6.3,6.4,8,5.3,2.1
2014/8/9,豐原,NOx,3.9,4.6,4.1,2.4,2,3.9,4.4,6,5.2,6.7,10,9.2,8.3,9,9.7,8.1,4.8,7.3,7.5,7.8,7.7,9,6,2.6
2014/8/9,豐原,O3,26,22,22,21,19,16,16,17,22,29,41,50,55,51,48,38,32,31,30,23,22,18,21,26
2014/8/9,豐原,PM10,29,32,16,12,22,26,24,17,25,36,41,23,20,23,53,54,47,30,28,26,16,30,25,21
2014/8/9,豐原,PM2.5,6,6,5,5,9,5,7,4,7,13,13,20,17,22,24,23,16,6,7,7,11,8,8,6
2014/8/9,豐原,RAINFALL,6.8,0.8,NR,0.8,3.4,NR,NR,NR,NR,NR,NR,NR,NR,NR,NR,NR,0.4,0.2,NR,NR,NR,NR,NR,NR
2014/8/9,豐原,RH,96,95,94,93,95,92,89,82,75,69,63,59,59,62,65,70,81,88,89,88,88,89,88,86
2014/8/9,豐原,SO2,1.9,1.8,1.7,1.7,2.5,2.8,2.8,3,3.3,2.9,2.6,3.2,2.9,6.8,6.6,4.6,3,4.7,3.7,2.7,3,4.3,1.8,1.5
2014/8/9,豐原,THC,1.7,1.7,1.7,1.7,1.6,1.6,1.6,1.6,1.9,1.9,2,1.9,1.9,1.9,1.9,1.8,1.7,1.8,1.8,1.7,1.7,1.8,1.7,1.7
2014/8/9,豐原,WD_HR,159,183,181,159,162,170,174,178,193,194,198,205,210,201,201,198,181,189,182,172,187,178,169,168
2014/8/9,豐原,WIND_DIREC,168,184,170,155,154,165,181,183,197,191,195,217,211,203,199,171,179,192,168,174,193,174,167,167
2014/8/9,豐原,WIND_SPEED,3.4,3.4,2.4,1.8,2.3,2.4,2.4,3.8,4.7,4,4.2,3.3,4.6,5,4.3,4.9,3.3,3.7,2.7,2.8,2.1,2.9,2.3,2.6
2014/8/9,豐原,WS_HR,1.9,3.1,2.9,2,2.2,2.9,2.8,3,3.8,4.1,3.9,3.4,3.5,4.2,4.1,3.9,3.5,3.4,3.4,2.8,2.6,2.3,2.7,2.3
2014/8/10,豐原,AMB_TEMP,27,26,26,26,26,26,26,27,28,29,30,31,31,29,26,26,27,27,27,27,27,27,27,27
2014/8/10,豐原,CH4,1.6,1.6,1.6,1.6,1.6,1.6,1.6,1.6,1.6,1.6,1.6,1.6,1.6,1.7,1.6,1.6,1.7,1.7,1.6,1.6,1.6,1.6,1.6,1.6
2014/8/10,豐原,CO,0.13,0.12,0.11,0.12,0.14,0.14,0.18,0.22,0.24,0.23,0.17,0.19,0.19,0.29,0.25,0.17,0.23,0.23,0.17,0.21,0.16,0.13,0.13,0.12
2014/8/10,豐原,NMHC,0,0,0.01,0.01,0.01,0.01,0.02,0.05,0.05,0.05,0.04,0.05,0.05,0.09,0.06,0.01,0.03,0.04,0.02,0.04,0.01,0,0,0
2014/8/10,豐原,NO,0.3,0.3,0.3,2.3,2.1,2.1,2.7,4,3.4,3.9,3.2,3,2.6,2.7,2.7,2.8,2.5,2.6,2.2,2.8,2.5,2.3,2.4,2
2014/8/10,豐原,NO2,1.7,2.1,1.4,1.6,1.4,1.7,1.6,2.8,2.8,3.3,2,1.7,1.9,4.7,3.8,2.1,2.5,3.2,1.4,3.8,1.2,1,0.7,0
2014/8/10,豐原,NOx,2,2.4,1.7,3.8,3.5,3.8,4.3,6.8,6.2,7.2,5.3,4.7,4.5,7.4,6.5,4.9,5,5.8,3.5,6.6,3.7,3.3,3.1,2
2014/8/10,豐原,O3,23,20,22,19,19,20,21,20,22,25,27,29,34,35,29,31,29,29,31,27,27,28,28,26
2014/8/10,豐原,PM10,0,2,7,11,18,18,13,14,10,19,16,19,14,32,28,24,10,22,29,19,19,14,22,12
2014/8/10,豐原,PM2.5,4,11,9,13,8,5,10,8,8,3,4,6,9,8,7,0,3,7,10,9,7,4,11,11
2014/8/10,豐原,RAINFALL,NR,NR,NR,NR,NR,NR,NR,NR,NR,NR,NR,NR,NR,NR,0.2,NR,NR,NR,NR,NR,NR,NR,NR,NR
2014/8/10,豐原,RH,85,88,86,88,88,87,84,82,78,75,70,65,62,77,89,85,79,76,73,74,76,79,80,80
2014/8/10,豐原,SO2,2.2,1.6,1.5,1.4,2,1.7,1.8,2.3,2,2.3,0.9,1.4,1.2,1.8,1.6,1.3,2.2,1.9,1.7,2.3,1.9,1.9,1,1
2014/8/10,豐原,THC,1.6,1.6,1.6,1.6,1.6,1.6,1.6,1.7,1.7,1.7,1.6,1.7,1.7,1.8,1.7,1.6,1.7,1.7,1.7,1.7,1.6,1.6,1.6,1.6
2014/8/10,豐原,WD_HR,186,176,182,181,177,182,182,187,185,189,184,197,196,207,189,157,147,169,170,183,170,169,175,174
2014/8/10,豐原,WIND_DIREC,184,164,185,182,183,180,182,184,196,177,183,192,208,200,170,137,158,172,168,191,163,180,172,175
2014/8/10,豐原,WIND_SPEED,3.7,3.4,4.1,3.5,3.4,4.1,4.5,3.6,3.4,4.1,5.3,4.1,4.8,4.9,5.4,3.6,1.7,3.6,3.2,3.4,3.7,3.7,3.7,3.7
2014/8/10,豐原,WS_HR,3.6,2.8,4,3.2,3.2,3.9,4.2,3.7,3.6,3.4,4.3,4.3,4.2,4.5,5.5,3.9,2,2.6,3.1,2.9,3.5,3.6,3.9,3.9
2014/8/11,豐原,AMB_TEMP,27,27,27,27,27,27,26,25,27,28,29,30,30,29,28,28,29,29,28,28,28,27,27,27
2014/8/11,豐原,CH4,1.6,1.6,1.6,1.6,1.6,1.6,1.7,1.7,1.7,1.7,1.7,1.7,1.7,1.7,1.7,1.6,1.6,1.7,1.6,1.7,1.7,1.7,1.7,1.7
2014/8/11,豐原,CO,0.11,0.11,0.11,0.12,0.1,0.13,0.17,0.2,0.22,0.41,0.3,0.26,0.29,0.25,0.18,0.16,0.17,0.24,0.24,0.26,0.23,0.24,0.19,0.19
2014/8/11,豐原,NMHC,0,0,0,0,0,0.02,0.05,0.04,0.19,0.62,0.83,0.42,0.27,0.34,0.2,0.05,0.1,0.09,0.09,0.08,0.16,0.11,0.06,0.08
2014/8/11,豐原,NO,1.9,2.1,2,1.2,0.8,1,1.9,2.6,2.9,4.4,3,2.3,1.6,1.8,2.2,8,1.4,2.6,2,2.1,1.8,1.7,1,1
2014/8/11,豐原,NO2,0,0,0,0.9,0.9,2.4,4.6,4.6,5.5,11,9.8,8.1,7.7,8.5,6.7,7.7,3.8,6.1,5.6,6.1,6.7,6.7,5.4,5
2014/8/11,豐原,NOx,1.9,2.1,2,2.1,1.7,3.4,6.5,7.2,8.4,15,13,10,9.3,10,8.9,16,5.2,8.7,7.5,8.2,8.5,8.4,6.4,5.9
2014/8/11,豐原,O3,27,27,27,26,24,22,23,24,21,23,35,43,44,39,31,26,29,24,20,20,24,26,27,25
2014/8/11,豐原,PM10,40,40,39,17,29,28,27,17,19,21,19,53,44,44,22,29,26,26,19,13,6,16,17,17
2014/8/11,豐原,PM2.5,11,2,7,7,10,12,16,13,7,8,11,11,11,16,11,7,3,3,4,1,2,0,0,3
2014/8/11,豐原,RAINFALL,NR,NR,NR,NR,NR,NR,0.2,NR,NR,NR,NR,NR,NR,NR,1.4,NR,NR,NR,NR,NR,NR,NR,NR,NR
2014/8/11,豐原,RH,79,80,82,82,81,80,86,91,83,77,72,69,68,73,84,81,74,73,75,76,81,85,85,87
2014/8/11,豐原,SO2,1.1,1.7,1.7,1.8,2.5,2.7,2.7,2.5,3,3.5,2.5,2.4,2.5,2.4,1.8,1.9,2.7,2.5,2.6,2.6,3.1,3,2.3,2.6
2014/8/11,豐原,THC,1.6,1.6,1.6,1.6,1.6,1.7,1.7,1.7,1.8,2.3,2.5,2.1,2,2,1.9,1.7,1.7,1.7,1.7,1.8,1.9,1.8,1.8,1.8
2014/8/11,豐原,WD_HR,179,171,179,162,129,177,192,166,192,199,198,206,200,205,170,153,161,166,145,157,191,178,176,182
2014/8/11,豐原,WIND_DIREC,175,165,174,144,130,199,190,168,202,195,194,205,193,216,154,152,181,159,143,150,191,164,185,166
2014/8/11,豐原,WIND_SPEED,4.3,4.5,3.1,1.8,2.1,4.7,4.6,2.6,4.3,5.3,4.5,3.8,4.8,3.2,1.9,2,2.8,2.2,1.6,1.7,2.7,3.2,2.6,2.5
2014/8/11,豐原,WS_HR,4,4,3.6,2,2,2.6,4.7,3.2,3.2,4.6,4.7,3.4,4.6,3.8,2.2,1.7,1.7,2.1,1.7,1.7,2.7,2.7,2.6,2.8
2014/8/12,豐原,AMB_TEMP,26,26,26,25,25,25,25,26,27,29,29,30,30,30,30,29,27,27,27,26,25,25,25,25
2014/8/12,豐原,CH4,1.7,1.6,1.6,1.6,1.6,1.6,1.6,1.7,1.6,1.6,1.7,1.7,1.7,1.7,1.7,1.7,1.7,1.7,1.7,1.7,1.7,1.7,1.7,1.6
2014/8/12,豐原,CO,0.18,0.13,0.1,0.1,0.14,0.18,0.26,0.49,0.28,0.27,0.34,0.52,0.5,7.57,1.7,1.16,0.33,2.19,6.23,1.7,0.25,0.27,0.18,0.14
2014/8/12,豐原,NMHC,0.08,0.04,0,0,0.03,0.06,0.07,0.17,0.22,0.46,0.46,0.39,0.24,0.44,0.3,0.33,0.14,0.27,0.4,0.19,0.05,0.07,0.03,0.02
2014/8/12,豐原,NO,0.9,0.8,0.7,1.3,1.3,1.5,2.1,4.3,4,3,2.8,2.4,1.8,2,2.5,7.5,2.2,2.9,3.4,3,2.1,1.8,1.9,1.4
2014/8/12,豐原,NO2,4.6,3.7,2.3,1.4,1.5,2.6,4.4,8.3,5.4,5.9,8,8.1,7.1,7.4,8.5,20,8.9,15,15,11,5.7,4.9,2.9,2.1
2014/8/12,豐原,NOx,5.5,4.5,3.1,2.6,2.8,4,6.4,13,9.4,8.9,11,10,8.9,9.4,11,28,11,18,18,14,7.8,6.7,4.7,3.5
2014/8/12,豐原,O3,21,20,22,21,19,14,11,13,19,31,38,48,53,48,47,34,33,28,25,23,27,25,24,21
2014/8/12,豐原,PM10,29,37,31,8,8,23,23,14,21,46,46,37,20,36,41,51,48,30,42,49,52,35,19,15
2014/8/12,豐原,PM2.5,5,6,2,6,4,5,4,4,6,1,9,14,22,17,12,7,9,15,31,35,37,20,10,4
2014/8/12,豐原,RAINFALL,NR,1.2,2,NR,NR,NR,NR,NR,NR,NR,NR,NR,NR,NR,NR,0.6,1.4,0.2,1.2,8.6,2,1.6,0.2,NR
2014/8/12,豐原,RH,88,92,93,93,94,95,94,89,81,72,71,68,66,67,68,73,86,86,87,94,94,94,93,91
2014/8/12,豐原,SO2,2.6,2.3,1.9,1.8,2.1,1.8,1.9,2.3,2.3,2.4,2.5,2.3,1.7,8.5,3.5,4.6,2.6,6.7,22,7,3.2,3,2.1,1.9
2014/8/12,豐原,THC,1.8,1.7,1.6,1.6,1.7,1.7,1.7,1.8,1.9,2.1,2.1,2.1,1.9,2.1,2,2.1,1.9,2,2.1,1.9,1.7,1.7,1.7,1.7
2014/8/12,豐原,WD_HR,182,158,174,182,176,148,94,164,181,193,197,197,197,197,196,186,178,194,201,193,180,171,166,159
2014/8/12,豐原,WIND_DIREC,181,164,179,184,181,114,108,189,193,180,190,192,197,191,204,157,188,204,194,186,171,155,160,169
2014/8/12,豐原,WIND_SPEED,2.9,2.2,3.3,2.3,1.8,1,1,1.3,3.6,2.9,4.1,3.5,4.2,3.8,2.7,2.3,2.6,2.9,2.3,4.4,2.6,2.6,2.7,1.9
2014/8/12,豐原,WS_HR,2.5,2.6,2.8,2.8,1.6,0.8,0.6,0.4,1.9,3.7,3.7,3.9,3.8,4.6,3.2,2.4,2.5,2.3,3.5,4,2.9,2.3,2.7,1.9
2014/8/13,豐原,AMB_TEMP,25,25,25,25,24,25,26,26,27,27,26,25,27,28,29,28,27,26,26,26,26,26,26,27
2014/8/13,豐原,CH4,1.6,1.6,1.6,1.7,1.6,1.6,1.6,1.6,1.6,1.6,1.6,1.6,1.6,1.6,1.6,1.7,1.6,1.6,1.6,1.7,1.6,1.6,1.6,1.6
2014/8/13,豐原,CO,0.12,0.12,0.13,0.15,0.11,0.11,0.15,0.24,0.19,0.25,0.19,0.14,0.18,0.16,0.23,0.22,0.22,0.28,0.25,0.26,0.19,0.17,0.16,0.13
2014/8/13,豐原,NMHC,0.01,0.01,0.04,0.06,0.01,0,0.01,0.04,0.04,0.13,0.14,0.04,0.08,0.07,0.15,0.17,0.12,0.12,0.09,0.1,0.05,0.03,0.02,0.01
2014/8/13,豐原,NO,1.2,1.3,1.5,1.2,1.3,1.6,1.7,3.5,3.5,4.1,3.2,2.9,3.2,2.8,2.6,5.3,2.8,3.6,3.7,3.3,2.2,2.2,1.4,1.5
2014/8/13,豐原,NO2,1.6,1,1.4,2,1.2,0.8,1.3,3.6,3.1,6.4,3.9,2,2.5,2.3,3.8,7.7,6.1,7.3,5.8,6.3,3.4,3.2,2.7,1.6
2014/8/13,豐原,NOx,2.8,2.4,2.9,3.3,2.5,2.4,3,7,6.6,11,7.2,4.9,5.7,5.1,6.4,13,8.9,11,9.5,9.5,5.5,5.4,4.1,3.2
2014/8/13,豐原,O3,21,23,21,21,24,23,23,20,19,21,24,22,21,24,28,27,22,20,20,17,20,21,22,23
2014/8/13,豐原,PM10,3,1,6,14,31,25,19,10,11,14,20,20,19,19,9,15,19,18,12,10,8,12,23,40
2014/8/13,豐原,PM2.5,2,6,5,7,2,5,5,5,2,1,1,1,1,1,2,14,12,13,8,9,9,3,15,11
2014/8/13,豐原,RAINFALL,NR,NR,NR,0.6,NR,NR,NR,NR,NR,NR,0.6,0.2,NR,NR,NR,1.6,0.2,NR,NR,NR,NR,NR,NR,NR
2014/8/13,豐原,RH,90,87,89,94,92,87,81,79,78,77,83,87,79,72,69,78,82,89,88,89,86,80,77,75
2014/8/13,豐原,SO2,2.1,2.3,2.4,3,2.8,2.8,2.8,3,3.2,4,2.8,2.2,1.9,1.9,2.2,2.5,3.2,3,3,3,2.9,2.9,2.2,2.1
2014/8/13,豐原,THC,1.6,1.6,1.7,1.7,1.6,1.6,1.6,1.7,1.7,1.8,1.8,1.7,1.7,1.7,1.8,1.8,1.8,1.8,1.7,1.8,1.7,1.7,1.7,1.7
2014/8/13,豐原,WD_HR,166,180,184,194,175,170,174,184,185,193,194,173,181,186,193,193,186,189,186,183,175,180,178,169
2014/8/13,豐原,WIND_DIREC,175,176,192,195,154,178,177,184,187,197,188,183,180,195,194,189,184,190,194,183,168,182,176,167
2014/8/13,豐原,WIND_SPEED,3.1,2.7,5.8,5.9,3.4,4.4,4.4,3.9,4.7,7.7,5.7,4,4.4,5.1,6.2,6.5,5.1,4.9,4.2,3.3,4.5,5.2,3.1,3.1
2014/8/13,豐原,WS_HR,2.4,3,4,5.7,3.9,3.5,4.1,3.9,4.6,6,6.3,4.3,3.7,4.3,5.5,5.8,5,5.1,3.7,2.6,4,4.5,4.1,3.2
2014/8/14,豐原,AMB_TEMP,27,27,27,26,26,27,27,28,29,30,29,29,30,30,30,30,30,30,29,28,28,28,27,27
2014/8/14,豐原,CH4,1.6,1.7,1.6,1.7,1.7,1.6,1.6,1.6,1.6,1.6,1.6,1.6,1.6,1.7,1.7,1.7,1.7,1.7,1.7,1.7,1.7,1.7,1.7,1.7
2014/8/14,豐原,CO,0.12,0.11,0.11,0.15,0.14,0.13,0.18,0.2,0.16,0.21,0.19,0.19,0.17,0.17,0.17,0.2,0.21,0.3,0.3,0.26,0.21,0.21,0.24,0.19
2014/8/14,豐原,NMHC,0,0,0,0.1,0.11,0.02,0.04,0.04,0.14,0.47,0.64,0.21,0.14,0.24,0.19,0.31,0.29,0.19,0.13,0.12,0.07,0.06,0.13,0.08
2014/8/14,豐原,NO,1.1,1,1.4,1.6,1.4,1.6,3.5,3.5,2.7,2.8,2.9,2.6,2.8,2.3,2.2,4.9,2.3,4.1,2.8,2,2.5,1.8,1.9,1.7
2014/8/14,豐原,NO2,0.8,0.4,0.1,3.4,3.3,2.5,4.5,3.1,3.1,5.2,6.5,5.4,3.3,4.8,5.4,9.1,6.5,11,9.1,7.6,7.1,6.4,7.8,7.9
2014/8/14,豐原,NOx,1.9,1.4,1.5,5,4.7,4.1,8,6.6,5.7,8.1,9.4,8,6.1,7.1,7.6,14,8.8,15,12,9.6,9.6,8.2,9.6,9.5
2014/8/14,豐原,O3,24,25,24,18,16,20,18,20,22,28,27,30,29,33,35,30,39,26,24,24,24,22,14,13
2014/8/14,豐原,PM10,36,22,12,17,24,25,33,23,23,22,33,28,28,27,33,30,38,40,37,22,10,13,34,34
2014/8/14,豐原,PM2.5,20,10,12,7,7,5,4,2,4,7,6,11,6,9,6,13,11,13,6,10,4,5,2,2
2014/8/14,豐原,RAINFALL,NR,NR,NR,NR,NR,NR,NR,NR,NR,NR,NR,NR,NR,NR,NR,NR,NR,NR,NR,NR,NR,NR,NR,NR
2014/8/14,豐原,RH,72,71,70,75,77,70,71,68,66,65,71,69,63,63,65,63,66,66,71,75,77,79,83,86
2014/8/14,豐原,SO2,2.1,1.4,1.3,2.9,4,2.7,2.5,2.3,2.8,3.1,2.8,2,1.8,1.9,1.7,2.1,3,2.7,2.5,2.6,2.7,2.7,2.3,2.4
2014/8/14,豐原,THC,1.6,1.7,1.6,1.8,1.8,1.7,1.7,1.7,1.8,2.1,2.3,1.8,1.8,1.9,1.9,2,2,1.9,1.8,1.8,1.8,1.8,1.9,1.8
2014/8/14,豐原,WD_HR,178,169,183,193,190,177,179,183,190,197,198,185,190,194,192,194,193,193,185,183,176,177,183,182
2014/8/14,豐原,WIND_DIREC,181,163,183,203,175,203,186,186,193,198,198,176,193,189,194,185,195,188,181,183,174,182,184,181
2014/8/14,豐原,WIND_SPEED,3.8,3.8,3,2.2,3.3,3,3.6,6,6.4,7.1,5.8,4.4,5.7,5.5,5.2,4,4.7,3.3,3.9,3.1,3.5,3.4,3.3,3.2
2014/8/14,豐原,WS_HR,3.3,3.3,3.2,2.1,2.6,3.2,3.3,5,5.6,6.5,7,5.2,5,5.6,5,4.4,4.5,3.5,3.6,3.4,2.9,2.8,3.3,3.4
2014/8/15,豐原,AMB_TEMP,26,26,26,26,26,26,26,27,28,30,31,32,32,31,32,32,31,31,30,28,28,27,28,27
2014/8/15,豐原,CH4,1.7,1.7,1.6,1.6,1.6,1.6,1.6,1.6,1.6,1.6,1.7,1.7,1.7,1.7,1.7,1.7,1.6,1.7,1.7,1.7,1.7,1.7,1.8,1.7
2014/8/15,豐原,CO,0.15,0.14,0.12,0.12,0.12,0.12,0.17,0.23,0.3,0.25,0.42,0.38,1.7,1.43,0.89,0.28,0.26,0.95,0.85,0.49,0.42,0.39,0.46,0.35
2014/8/15,豐原,NMHC,0.06,0.05,0.03,0.02,0.02,0.01,0.02,0.12,0.25,0.35,0.4,0.3,0.26,0.23,0.25,0.28,0.29,0.26,0.38,0.2,0.18,0.19,0.29,0.19
2014/8/15,豐原,NO,1.4,1.3,1.1,1.5,1.3,1.6,2.5,3.3,3,3,2.8,2.1,2.2,1.9,1.8,4.7,2.4,2.4,2.6,2.2,1.8,1.8,2.3,2
2014/8/15,豐原,NO2,6.8,4.7,3.3,2.1,2.2,2.8,3.4,4,6.2,7,8.6,7.3,9.3,7.5,8.5,12,9.2,12,14,14,13,11,15,12
2014/8/15,豐原,NOx,8.2,6,4.3,3.5,3.5,4.3,5.8,7.3,9.2,10,11,9.4,11,9.4,10,17,12,14,17,17,15,13,17,14
2014/8/15,豐原,O3,14,18,20,22,21,20,20,21,24,30,41,48,52,50,57,42,37,30,20,15,15,9.6,9.8,12
2014/8/15,豐原,PM10,44,26,26,15,37,42,39,39,49,46,34,43,39,42,32,47,36,46,40,48,42,47,42,35
2014/8/15,豐原,PM2.5,10,8,14,10,19,16,18,13,11,6,15,12,18,11,23,25,21,20,19,16,19,18,27,15
2014/8/15,豐原,RAINFALL,NR,NR,NR,NR,NR,NR,NR,NR,NR,NR,NR,NR,NR,NR,NR,NR,NR,NR,NR,NR,NR,NR,NR,NR
2014/8/15,豐原,RH,88,88,89,89,89,87,84,78,72,64,60,56,61,64,62,61,61,64,70,78,81,86,86,86
2014/8/15,豐原,SO2,2.4,2,1.7,1.6,2.5,2.3,2.3,2.4,2.5,3.1,3.7,1.6,6,4.4,3.7,2.9,3.4,4.6,5.5,3.2,3.2,2.8,3.7,2.5
2014/8/15,豐原,THC,1.7,1.7,1.7,1.6,1.6,1.6,1.6,1.7,1.9,2,2.1,2,2,1.9,1.9,1.9,1.9,1.9,2,1.9,1.9,1.9,2,1.9
2014/8/15,豐原,WD_HR,187,190,190,190,177,176,178,189,195,201,200,198,212,219,220,235,237,219,212,165,136,112,168,185
2014/8/15,豐原,WIND_DIREC,188,192,188,185,171,169,178,194,196,209,196,209,214,211,217,227,246,210,171,162,109,150,148,173
2014/8/15,豐原,WIND_SPEED,4.5,4.4,4.8,4.9,3.3,3.2,4.4,4,4.7,4.8,4.8,3.8,4.6,4.2,3.8,3.2,2.8,2.8,1.6,1.7,2.1,1.2,1.3,2.3
2014/8/15,豐原,WS_HR,3.6,4.3,4.2,4.4,3.8,3.5,3.6,3.9,4.5,4.4,4.3,3.9,3.9,3.9,3.5,3.3,2.7,2.7,2.2,1.7,1.5,1.6,0.7,1.9
2014/8/16,豐原,AMB_TEMP,27,27,26,26,26,26,26,27,29,30,31,32,33,33,31,31,31,30,29,28,28,27,27,27
2014/8/16,豐原,CH4,1.7,1.7,1.7,1.7,1.7,1.7,1.7,1.6,1.6,1.6,1.6,1.6,1.6,1.7,1.6,1.6,1.6,1.6,1.6,1.7,1.6,1.7,1.7,1.7
2014/8/16,豐原,CO,0.25,0.22,0.18,0.17,0.2,0.23,0.27,0.28,0.24,0.25,0.24,0.26,0.28,0.29,0.34,0.27,0.32,0.4,0.39,0.41,0.39,0.34,0.31,0.31
2014/8/16,豐原,NMHC,0.11,0.1,0.09,0.08,0.07,0.06,0.1,0.09,0.25,0.32,0.33,0.24,0.18,0.13,0.13,0.11,0.18,0.21,0.23,0.21,0.24,0.2,0.15,0.14
2014/8/16,豐原,NO,1.5,1.4,1.1,1.8,1.6,2.5,2.7,3.2,3.1,2.9,2.9,2.2,2.3,1.8,1.9,2.2,2.4,3.6,2.4,2.4,1.7,1.9,1.9,1.7
2014/8/16,豐原,NO2,8.2,8.9,6.9,6.4,6.4,6.8,5.8,4.8,4.8,5.8,6.7,6.7,7.1,7,6.9,6.9,13,19,15,15,13,10,8.7,8.5
2014/8/16,豐原,NOx,9.7,10,8,8.2,8.1,9.3,8.5,8,7.9,8.7,9.5,9,9.4,8.7,8.8,9.1,15,23,18,17,14,12,11,10
2014/8/16,豐原,O3,12,10,12,13,13,12,14,18,22,33,42,56,65,69,58,55,50,32,25,26,24,19,13,13
2014/8/16,豐原,PM10,35,34,25,20,24,31,41,27,39,29,29,14,21,31,49,46,55,60,71,53,44,24,36,18
2014/8/16,豐原,PM2.5,16,7,13,11,13,6,1,5,7,15,9,19,16,26,23,29,26,27,19,16,13,16,13,16
2014/8/16,豐原,RAINFALL,NR,NR,NR,NR,NR,NR,NR,NR,NR,NR,NR,NR,NR,NR,NR,NR,NR,NR,NR,NR,NR,NR,NR,NR
2014/8/16,豐原,RH,88,88,88,87,88,87,87,80,71,63,57,51,50,54,68,67,68,75,77,79,84,87,88,87
2014/8/16,豐原,SO2,2.1,3.5,2,2.2,2.8,2.7,3.8,3.4,3.4,3,2.1,1.9,2,2.5,3.3,3.3,5.7,7.7,6.1,4.5,3.6,3.1,2,2.1
2014/8/16,豐原,THC,1.8,1.8,1.8,1.8,1.8,1.7,1.8,1.7,1.9,1.9,1.9,1.9,1.8,1.8,1.8,1.7,1.8,1.8,1.8,1.9,1.9,1.9,1.8,1.9
2014/8/16,豐原,WD_HR,180,178,173,170,164,184,188,185,192,198,202,211,210,222,266,295,299,309,262,172,121,110,135,176
2014/8/16,豐原,WIND_DIREC,186,165,175,170,178,186,184,183,194,200,208,223,239,246,279,283,304,305,176,159,117,100,170,178
2014/8/16,豐原,WIND_SPEED,2,2.3,2.1,2,1.9,2.5,2.1,2.2,4.2,4,3.2,2.9,2.7,3.2,3.1,2.5,2.6,2.1,2,2,1.6,1.4,1.6,2.6
2014/8/16,豐原,WS_HR,1.9,2.2,1.9,2,1.6,1.8,2.5,2.3,2.9,3.7,3,2.5,2.3,2.1,2.8,1.5,2.2,2.5,1.3,1.9,1.5,1.3,1,2
2014/8/17,豐原,AMB_TEMP,27,27,26,26,26,26,26,27,28,29,30,31,31,31,31,29,28,29,28,28,28,27,28,28
2014/8/17,豐原,CH4,1.7,1.7,1.7,1.7,1.7,1.7,1.6,1.6,1.6,1.6,1.6,1.6,1.6,1.6,1.7,1.7,1.7,1.7,1.7,1.7,1.7,1.7,1.7,1.7
2014/8/17,豐原,CO,0.24,0.19,0.18,0.18,0.16,0.18,0.23,0.25,0.28,0.28,0.32,0.8,1.44,0.32,1.13,0.53,0.29,0.43,0.48,0.45,0.39,0.39,0.37,0.27
2014/8/17,豐原,NMHC,0.09,0.07,0.06,0.06,0.04,0.04,0.05,0.06,0.13,0.09,0.12,0.16,0.12,0.07,0.12,0.11,0.14,0.25,0.17,0.16,0.15,0.14,0.13,0.11
2014/8/17,豐原,NO,1.8,1.7,1.7,1.1,0.9,1.7,2,2.3,2.9,2.4,2.2,1.5,1.3,1.3,0.9,1,1.2,1.5,1.4,1.2,1.2,1.7,1.7,1.3
2014/8/17,豐原,NO2,7.2,5.7,5,4.3,3.9,4.1,4.1,3.2,5.6,5.4,7.4,6.5,6.3,4.9,6,7.9,6.5,17,17,14,15,15,12,6.5
2014/8/17,豐原,NOx,9,7.4,6.6,5.4,4.9,5.8,6.2,5.5,8.5,7.8,9.6,8,7.6,6.2,6.9,8.9,7.7,18,18,15,16,16,14,7.8
2014/8/17,豐原,O3,15,16,18,18,17,17,17,20,23,32,44,57,60,55,61,54,45,38,28,26,17,9.9,12,14
2014/8/17,豐原,PM10,22,22,34,27,36,31,31,23,15,30,33,43,69,60,63,44,53,53,49,33,29,30,51,66
2014/8/17,豐原,PM2.5,15,14,6,4,9,11,7,9,14,22,23,22,25,25,33,34,29,26,25,36,31,27,18,14
2014/8/17,豐原,RAINFALL,NR,NR,NR,NR,NR,NR,NR,NR,NR,NR,NR,NR,NR,NR,NR,NR,NR,NR,NR,NR,NR,NR,NR,NR
2014/8/17,豐原,RH,87,87,85,82,83,84,83,80,74,70,62,60,61,63,66,74,72,74,80,83,85,88,86,82
2014/8/17,豐原,SO2,2.1,2.3,2.5,3.2,3.1,2.7,2.7,3.4,5.5,4.5,3.1,2.9,3.7,1.8,3.6,3.2,2.8,4.8,3.6,4,4.4,3.3,3,3.5
2014/8/17,豐原,THC,1.8,1.8,1.7,1.7,1.7,1.7,1.7,1.7,1.7,1.7,1.7,1.8,1.7,1.7,1.8,1.8,1.8,1.9,1.9,1.9,1.8,1.8,1.9,1.8
2014/8/17,豐原,WD_HR,170,170,183,189,180,168,170,174,190,181,195,196,194,172,201,3.7,76,336,110,62,105,116,182,178
2014/8/17,豐原,WIND_DIREC,169,183,190,183,172,182,171,175,194,189,187,235,191,162,193,89,34,328,109,58,111,130,204,162
2014/8/17,豐原,WIND_SPEED,2.4,2.5,3.3,2.6,2.3,2.4,2.3,3.7,4.1,2.4,2.8,2.9,2.6,1.8,2.4,2.2,0.9,1,1.6,1.5,1.5,1,2.1,1.7
2014/8/17,豐原,WS_HR,2.4,2.1,2.6,3.3,2.5,2.1,2.2,3.2,3.3,2.6,2.6,2.5,1.9,2.1,1.8,0.1,1.1,0.6,1.4,1,1.3,1.6,1.3,1.9
2014/8/18,豐原,AMB_TEMP,27,27,27,27,26,26,26,28,28,29,29,30,31,31,30,30,25,24,24,24,24,23,23,24
2014/8/18,豐原,CH4,1.7,1.7,1.7,1.7,1.6,1.6,1.7,1.7,1.6,1.6,1.6,1.6,1.6,1.6,1.6,1.6,1.6,1.6,1.6,1.6,1.6,1.6,1.6,1.6
2014/8/18,豐原,CO,0.16,0.17,0.17,0.16,0.16,0.22,0.3,0.33,0.31,0.19,0.17,0.16,0.17,0.14,0.14,0.17,0.17,0.18,0.19,0.17,0.18,0.15,0.14,0.13
2014/8/18,豐原,NMHC,0.04,0.05,0.04,0.04,0.04,0.06,0.1,0.09,0.09,0.08,0.09,0.08,0.08,0.04,0.09,0.09,0.08,0.05,0.05,0.09,0.07,0.03,0.03,0.02
2014/8/18,豐原,NO,0.9,0.9,1.2,1,1.3,1.9,3.2,7.2,6.3,2.8,1.7,1.8,1.4,1.3,3.4,2.8,2.4,1.4,1.8,1.6,3.3,1.8,1.4,1.2
2014/8/18,豐原,NO2,4.4,4.3,4.5,5.1,5.1,5.6,6,8.9,11,6.1,5,5.4,4.9,4.4,9.8,8.9,6.8,5.3,6.9,6.1,6.5,5,3.9,3.2
2014/8/18,豐原,NOx,5.3,5.2,5.6,6.1,6.4,7.5,9.2,16,17,8.9,6.7,7.2,6.3,5.6,13,12,9.2,6.7,8.7,7.7,9.8,6.8,5.2,4.4
2014/8/18,豐原,O3,15,11,10,8.6,6,4.2,4.4,7.4,10,23,33,37,45,44,29,25,21,24,18,14,12,12,12,16
2014/8/18,豐原,PM10,44,28,5,10,25,24,34,41,55,43,22,20,55,60,52,27,32,29,17,14,15,15,21,19
2014/8/18,豐原,PM2.5,6,0,11,15,18,10,8,12,10,18,11,18,11,20,15,12,16,11,13,3,3,1,0,0
2014/8/18,豐原,RAINFALL,NR,NR,NR,NR,NR,NR,NR,NR,NR,NR,NR,NR,NR,NR,0.6,NR,7.6,3,1.6,1.2,1.6,0.6,NR,0.2
2014/8/18,豐原,RH,83,87,87,87,87,88,87,79,74,72,69,70,67,63,67,67,83,88,88,89,89,90,93,89
2014/8/18,豐原,SO2,2,1.8,2.1,2.1,2.1,2.1,2.1,5.4,5,3.5,2.4,2.1,2.3,1.4,1.8,2.6,2.1,1.7,1.7,1.8,2.4,1.9,1.7,1.6
2014/8/18,豐原,THC,1.7,1.7,1.7,1.7,1.7,1.7,1.8,1.8,1.7,1.7,1.7,1.7,1.7,1.7,1.7,1.7,1.7,1.6,1.6,1.7,1.7,1.6,1.7,1.6
2014/8/18,豐原,WD_HR,165,138,140,89,105,116,109,346,316,312,314,312,308,311,312,303,160,96,88,104,150,126,130,133
2014/8/18,豐原,WIND_DIREC,160,116,125,99,103,108,107,332,1.7,304,313,324,303,269,316,296,113,88,86,113,124,145,129,138
2014/8/18,豐原,WIND_SPEED,1.8,1.9,1.3,1.1,1.4,1.7,1,1.2,1.3,2.6,2,2.4,2.5,3.3,3.5,2.4,3.3,2.1,1.3,2,1.5,1.5,1.3,2.4
2014/8/18,豐原,WS_HR,1.8,1.1,1.4,0.9,1.2,1.4,1.3,0.5,0.9,1.9,1.5,2.1,1.8,1.3,2.3,1.5,3.3,2.1,0.9,1.6,1.2,1,1.1,1.5
2014/8/19,豐原,AMB_TEMP,24,25,24,24,24,25,25,26,27,28,29,29,29,28,28,29,28,29,28,26,26,26,26,25
2014/8/19,豐原,CH4,1.6,1.6,1.6,1.6,1.6,1.6,1.6,1.6,1.6,1.7,1.7,0,1.6,1.6,1.6,1.6,1.6,1.6,1.6,1.6,1.6,1.6,1.6,1.6
2014/8/19,豐原,CO,0.11,0.11,0.11,0.11,0.13,0.18,0.26,0.32,0.3,0.47,0.46,0.53,0.24,0.19,0.19,0.29,0.24,1.16,1.71,1.26,0.32,0.2,0.13,0.1
2014/8/19,豐原,NMHC,0.01,0.01,0.02,0.02,0.03,0.08,0.09,0.16,0.18,0.31,0.25,0.25,0.25,0.07,0.07,0.11,0.1,0.25,0.28,0.15,0.09,0.06,0.03,0.01
2014/8/19,豐原,NO,1,0.8,0.9,1.3,1.6,5.5,3.9,5.1,3.8,4.2,3,2.5,2.1,0.6,3.4,6.2,3.1,3.8,3.2,3.1,2.1,2.1,1.9,1.4
2014/8/19,豐原,NO2,2.1,1.7,2,1.5,2,4.9,4.5,5.4,6.2,12,11,9.6,5.3,6.8,6.8,11,8.9,14,13,8,5.8,5.6,4.6,3.7
2014/8/19,豐原,NOx,3.1,2.5,2.9,2.7,3.6,10,8.4,11,10,16,14,12,7.4,-1,10,17,12,18,17,11,7.9,7.7,6.4,5.1
2014/8/19,豐原,O3,20,18,12,9.5,9.1,11,8.9,12,20,31,0,43,35,26,37,36,38,29,15,14,14,14,14,14
2014/8/19,豐原,PM10,28,10,14,16,26,23,23,14,23,28,48,38,22,22,5,10,29,24,54,66,67,44,13,26
2014/8/19,豐原,PM2.5,0,0,5,9,9,7,3,5,5,5,5,9,12,12,10,7,19,23,22,12,15,11,8,3
2014/8/19,豐原,RAINFALL,NR,NR,NR,NR,NR,NR,NR,NR,NR,NR,0,0,NR,NR,NR,NR,NR,NR,NR,NR,NR,NR,NR,NR
2014/8/19,豐原,RH,85,86,88,91,93,84,86,82,74,70,67,69,66,66,69,69,69,64,73,81,78,76,75,77
2014/8/19,豐原,SO2,1.5,2,2,1.8,2.1,2.3,2.1,2.4,2.7,3.2,4.5,3.4,2.4,2.1,2.3,3.2,3.2,5.9,7.2,6.6,3.8,3.7,2.7,2.3
2014/8/19,豐原,THC,1.6,1.6,1.6,1.6,1.6,1.7,1.7,1.8,1.8,2,0,0,1.9,1.7,1.7,1.7,1.7,1.9,1.9,1.7,1.7,1.6,1.6,1.6
2014/8/19,豐原,WD_HR,119,96,116,117,109,140,138,165,208,207,190,183,196,180,175,183,173,193,215,199,192,188,186,176
2014/8/19,豐原,WIND_DIREC,109,112,110,115,107,187,199,119,213,199,88,162,189,174,168,181,167,210,213,195,188,189,182,177
2014/8/19,豐原,WIND_SPEED,2.8,2.1,1.7,2,1.4,1.9,1.2,1.3,3.1,3.1,4.2,2.4,5.1,4.2,3.1,3.7,2.7,3.8,4.7,5.7,5.3,4.2,4,2.9
2014/8/19,豐原,WS_HR,2.4,2.1,1.9,2,1.8,1.4,0.9,1.3,1.4,2.5,1.2,1.7,4.2,3.9,3.2,3.2,2.9,3.1,4.2,5,4.9,4.7,4.3,3.1
2014/8/20,豐原,AMB_TEMP,25,26,26,26,26,25,24,25,27,28,29,29,29,29,29,29,30,29,28,27,27,26,26,26
2014/8/20,豐原,CH4,1.6,1.6,1.7,1.7,1.7,1.7,1.7,1.7,1.7,1.7,1.7,1.7,1.7,1.7,1.7,1.7,1.7,1.7,1.7,1.7,1.7,1.7,1.7,1.7
2014/8/20,豐原,CO,0.09,0.08,0.09,0.1,0.12,0.19,0.18,0.21,0.18,0.21,0.28,0.23,0.24,0.21,0.19,0.25,0.31,0.41,0.37,0.27,0.21,0.16,0.14,0.13
2014/8/20,豐原,NMHC,0.01,0.01,0,0.03,0.03,0.11,0.06,0.05,0.07,0.41,0.67,0.23,0.2,0.25,0.08,0.17,0.47,0.35,0.41,0.11,0.05,0.04,0.01,0.01
2014/8/20,豐原,NO,1.4,1.5,1.3,0.7,0.8,1.5,2.2,3.2,3.6,3.5,3.1,1.9,1.6,1.8,1.8,10,2.4,1.6,1.5,2,1.4,1.3,1.2,0.6
2014/8/20,豐原,NO2,3.2,2.3,2.3,2.8,3.1,5.7,5.7,4.4,4.8,5.9,9.6,7.4,7.1,7.1,6.1,15,13,13,13,9,6,4.9,3.3,2.4
2014/8/20,豐原,NOx,4.6,3.8,3.6,3.6,3.9,7.2,7.9,7.6,8.3,9.4,13,9.3,8.7,9,7.9,25,15,15,14,11,7.3,6.2,4.5,3
2014/8/20,豐原,O3,14,14,15,14,13,11,10,12,13,17,27,36,36,35,35,33,42,48,29,26,25,20,22,23
2014/8/20,豐原,PM10,15,17,10,15,16,23,19,22,11,22,47,64,52,44,23,24,22,48,48,48,26,24,7,4
2014/8/20,豐原,PM2.5,5,12,9,7,0,6,9,9,8,14,14,13,13,18,15,7,9,13,21,17,16,8,8,3
2014/8/20,豐原,RAINFALL,NR,NR,NR,NR,NR,NR,NR,NR,NR,NR,NR,NR,NR,NR,NR,NR,NR,NR,NR,NR,NR,NR,NR,NR
2014/8/20,豐原,RH,75,72,70,70,72,78,84,79,70,64,60,61,61,61,64,62,64,70,75,79,82,81,74,72
2014/8/20,豐原,SO2,2.3,1.5,1.4,2.2,4.1,7.9,3.2,1.7,2.2,2.7,2.8,1.8,2.3,3,1.3,1.9,4.3,3.9,3.5,2.4,2.1,2,1.6,1.3
2014/8/20,豐原,THC,1.6,1.6,1.7,1.7,1.7,1.8,1.8,1.7,1.7,2.1,2.4,1.9,1.9,1.9,1.8,1.9,2.2,2.1,2.1,1.8,1.8,1.7,1.7,1.7
2014/8/20,豐原,WD_HR,178,178,179,191,187,201,186,180,182,190,198,193,195,196,174,189,203,198,196,185,169,176,172,168
2014/8/20,豐原,WIND_DIREC,176,177,182,199,187,198,174,179,194,195,199,194,196,190,184,201,198,189,189,178,187,168,180,162
2014/8/20,豐原,WIND_SPEED,3.3,3.6,3.4,3.2,2.5,3.9,3.8,3.6,4.1,3.4,5.3,4,3.5,3.8,2.7,3.3,4.8,3.6,3.8,2.7,2.8,2.9,2.8,2.5
2014/8/20,豐原,WS_HR,3.4,3.8,3.3,3.6,2.5,3.5,4,3.8,2.9,3.3,4.3,4.1,3.6,4,2.8,3.1,4.1,3.9,3.9,2.9,2.6,3.1,2.9,2.5
2014/9/1,豐原,AMB_TEMP,25,25,25,25,25,24,24,26,28,29,30,31,32,32,31,30,30,29,28,27,26,26,26,26
2014/9/1,豐原,CH4,1.7,1.7,1.7,1.7,1.7,1.7,1.7,1.7,1.6,1.6,1.6,1.6,1.6,1.6,1.6,1.6,1.6,1.6,1.6,1.6,1.6,1.6,1.6,1.7
2014/9/1,豐原,CO,0.28,0.27,0.26,0.26,0.25,0.28,0.34,0.67,0.38,0.41,0.21,0.19,0.18,0.16,0.13,0.13,0.21,0.21,0.28,0.39,0.3,0.31,0.29,0.35
2014/9/1,豐原,NMHC,0.1,0.1,0.08,0.11,0.1,0.09,0.12,0.24,0.07,0.06,0.03,0.05,0.05,0.04,0.06,0.05,0.09,0.1,0.12,0.16,0.1,0.09,0.1,0.15
2014/9/1,豐原,NO,0.7,0.8,0.7,1.7,1.3,1.7,3.3,13,8.4,7.4,2.4,1.8,2,1.8,1.6,2.5,3.1,2,1.6,2.3,2.5,2.2,2.3,2.1
2014/9/1,豐原,NO2,8,7.5,6.8,7.8,7.6,7.8,8.4,15,12,13,6.7,6.6,6.7,5.9,5.7,8.2,11,9.8,17,16,13,12,13,16
2014/9/1,豐原,NOx,8.7,8.2,7.5,9.4,8.9,9.5,12,28,20,21,9,8.4,8.7,7.7,7.3,11,14,12,19,18,15,15,15,18
2014/9/1,豐原,O3,17,14,14,11,10,9,10,9.1,17,22,41,56,54,50,43,34,32,27,17,9.1,8.6,7.4,6.6,4.9
2014/9/1,豐原,PM10,42,17,29,29,49,38,29,11,25,33,36,33,45,57,46,38,25,40,31,38,25,37,40,42
2014/9/1,豐原,PM2.5,20,21,32,24,30,19,21,16,18,10,10,7,12,7,11,10,21,25,22,18,20,25,25,16
2014/9/1,豐原,RAINFALL,NR,NR,NR,NR,NR,NR,NR,NR,NR,NR,NR,NR,NR,NR,NR,NR,NR,NR,NR,NR,NR,NR,NR,NR
2014/9/1,豐原,RH,89,91,91,91,90,91,86,75,62,56,54,53,56,57,59,65,69,74,78,85,87,88,89,88
2014/9/1,豐原,SO2,2.7,2.1,2.2,2.4,1.5,1.2,1.1,1.3,6.2,7.6,3.2,3.2,3.2,2.4,2.2,3.1,3,2.4,3.4,1.5,1.4,1.5,2.4,3.3
2014/9/1,豐原,THC,1.8,1.8,1.8,1.8,1.8,1.8,1.8,1.9,1.7,1.7,1.7,1.7,1.7,1.7,1.7,1.6,1.7,1.7,1.7,1.8,1.7,1.7,1.7,1.8
2014/9/1,豐原,WD_HR,97,107,100,104,93,107,93,43,65,32,327,327,305,306,308,313,308,312,27,113,117,118,113,116
2014/9/1,豐原,WIND_DIREC,98,109,108,104,75,121,103,42,50,28,334,307,305,311,306,316,299,313,104,113,110,117,113,166
2014/9/1,豐原,WIND_SPEED,1.8,1.9,1.1,1.1,1.4,1.7,1.4,1.2,1.6,2.1,2.1,2.8,2.9,3.6,3.5,3.2,2.4,1.9,1.7,1.6,2,2.1,0.8,1.4
2014/9/1,豐原,WS_HR,1.4,1.9,1.7,1.4,1.2,1.4,1.3,0.7,1.2,0.7,1.1,1.2,2.8,2.6,2.9,3.2,2.9,2.3,0.5,1.7,1.9,1.8,1.2,0.9
2014/9/2,豐原,AMB_TEMP,26,25,25,25,25,24,25,26,28,29,30,32,32,30,29,31,30,29,28,27,26,26,26,25
2014/9/2,豐原,CH4,1.7,1.7,1.7,1.7,1.7,1.7,1.7,1.7,1.6,1.7,1.7,1.7,1.7,1.7,1.6,1.6,1.6,1.6,1.6,1.6,1.6,1.7,1.7,1.7
2014/9/2,豐原,CO,0.4,0.4,0.37,0.31,0.26,0.27,0.39,0.42,0.28,0.29,0.35,0.37,0.31,0.28,0.32,0.4,0.33,0.6,0.52,0.56,0.74,0.61,0.46,0.33
2014/9/2,豐原,NMHC,0.16,0.15,0.18,0.16,0.13,0.13,0.17,0.18,0.39,0.27,0.29,0.32,0.22,0.16,0.19,0.19,0.29,0.21,0.26,0.26,0.29,0.2,0.18,0.14
2014/9/2,豐原,NO,2.1,2.2,2.5,-0.1,0.3,0.8,2.3,3.5,1.1,1.4,0.3,0.1,-0.1,1,1.8,3.9,3.8,4.2,4.5,7.4,18,10,4,1.1
2014/9/2,豐原,NO2,17,15,12,10,8.9,8.5,8.1,9.6,8.6,10,10,11,9.6,12,15,18,17,22,22,20,19,19,18,11
2014/9/2,豐原,NOx,19,17,15,10,9.2,9.3,10,13,9.7,11,11,11,9.5,13,16,22,21,26,26,27,37,30,22,12
2014/9/2,豐原,O3,4.5,3,3.4,6.1,6.2,5.6,7.3,18,31,47,69,84,87,57,33,31,24,10,2.9,0.8,0.8,1.1,3.2,13
2014/9/2,豐原,PM10,40,47,44,46,25,26,14,18,28,38,70,62,62,55,58,50,56,57,70,67,45,34,23,40
2014/9/2,豐原,PM2.5,14,11,10,18,35,32,28,14,24,27,30,37,37,34,28,16,16,16,15,11,19,20,19,20
2014/9/2,豐原,RAINFALL,NR,NR,NR,NR,NR,NR,NR,NR,NR,NR,NR,NR,NR,1.2,NR,NR,NR,NR,NR,NR,NR,NR,NR,NR
2014/9/2,豐原,RH,88,90,91,90,91,91,91,81,72,65,58,51,53,69,75,60,63,68,77,84,86,86,86,86
2014/9/2,豐原,SO2,4.1,3.4,3.3,3.5,2.4,2,1.9,2.9,3.9,3.9,3.4,2.7,1.8,2.8,4.6,8.3,6.5,11,7.9,4.9,6.5,4.4,3.3,2.3
2014/9/2,豐原,THC,1.8,1.8,1.9,1.8,1.8,1.8,1.8,1.8,2,1.9,2,2,2,1.8,1.8,1.8,1.9,1.8,1.9,1.9,1.9,1.9,1.8,1.8
2014/9/2,豐原,WD_HR,114,112,105,72,100,102,106,159,194,204,189,229,219,57,51,303,307,304,326,114,115,115,108,117
2014/9/2,豐原,WIND_DIREC,101,115,116,105,76,111,108,171,198,191,193,221,280,53,265,312,305,303,110,117,119,105,108,119
2014/9/2,豐原,WIND_SPEED,1,1.6,1.4,1.2,1.2,1.9,1.4,1.9,2.8,1.9,2.4,2,1.5,2.6,2,2.8,2.3,2,1.7,2.3,2.4,2.5,1.8,2.6
2014/9/2,豐原,WS_HR,1,1.4,1,0.6,1.2,1.4,1.6,1.1,2.3,2.4,1.9,1.7,1.1,0.8,0.5,1.5,2.3,2.1,0.7,1.9,2.1,2.3,2,2.1
2014/9/3,豐原,AMB_TEMP,25,24,24,25,24,24,25,27,28,30,31,32,32,31,31,31,31,30,29,27,26,26,26,25
2014/9/3,豐原,CH4,1.7,1.7,1.7,1.7,1.6,1.6,1.7,1.7,1.7,1.7,1.7,1.7,1.7,1.6,1.6,1.6,1.6,1.6,1.6,1.6,1.6,1.7,1.7,1.6
2014/9/3,豐原,CO,0.23,0.21,0.21,0.2,0.16,0.21,0.36,0.43,0.47,0.42,0.41,0.31,0.25,0.19,0.15,0.24,0.24,0.31,0.47,0.38,0.39,0.41,0.42,0.34
2014/9/3,豐原,NMHC,0.1,0.08,0.1,0.09,0.08,0.1,0.16,0.27,0.31,0.32,0.27,0.25,0.17,0.19,0.16,0.16,0.29,0.29,0.33,0.33,0.32,0.28,0.26,0.21
2014/9/3,豐原,NO,0.5,0.3,0.4,0.9,1.2,1.2,2.1,5.1,3.8,3.4,2,1.9,1.5,1.4,1.3,2.5,11,2.2,3,2.1,2.9,2.6,2.3,1.7
2014/9/3,豐原,NO2,7.1,5.9,6.1,6.3,5.7,6.3,7.7,9.6,13,12,10,8.9,8.2,7.8,6.4,10,15,12,18,16,16,16,15,13
2014/9/3,豐原,NOx,7.6,6.2,6.5,7.2,6.9,7.5,9.8,15,17,15,12,11,9.8,9.3,7.7,13,26,14,21,19,19,18,17,15
2014/9/3,豐原,O3,20,20,16,14,12,11,12,18,29,40,56,62,65,55,48,33,28,25,13,7.8,4.8,4.8,4.2,4.3
2014/9/3,豐原,PM10,26,20,25,35,49,41,30,40,52,75,48,53,30,47,28,41,42,31,43,31,44,28,23,26
2014/9/3,豐原,PM2.5,16,27,18,16,8,8,12,20,18,21,15,23,22,26,22,27,20,17,13,13,12,10,7,9
2014/9/3,豐原,RAINFALL,NR,NR,NR,NR,NR,NR,NR,NR,NR,NR,NR,NR,NR,NR,NR,NR,NR,NR,NR,NR,NR,NR,NR,NR
2014/9/3,豐原,RH,85,86,87,86,88,89,88,79,70,61,57,53,50,60,63,58,57,60,66,77,82,84,85,87
2014/9/3,豐原,SO2,1.5,1.5,1.4,1.5,1.3,1.3,1.8,2.6,2.2,2.4,2.4,2.6,1.8,2.5,2.3,4.6,3.4,1.8,2.8,2.2,2.3,2.3,2.3,2.1
2014/9/3,豐原,THC,1.8,1.7,1.8,1.8,1.7,1.7,1.8,1.9,2,2,1.9,1.9,1.8,1.8,1.7,1.7,1.9,1.9,2,1.9,2,1.9,1.9,1.9
2014/9/3,豐原,WD_HR,117,115,114,112,103,106,120,202,200,199,200,208,226,249,271,269,229,208,179,115,116,118,110,117
2014/9/3,豐原,WIND_DIREC,117,115,105,109,97,106,190,209,192,199,211,206,238,248,284,261,201,232,132,117,115,107,109,109
2014/9/3,豐原,WIND_SPEED,2.1,1.9,1.9,1.9,1.7,2,1.7,3.4,3.8,3.9,3,2.8,3.2,3,3.3,3.1,2.6,1.7,1,2,2,1.7,1.5,1.9
2014/9/3,豐原,WS_HR,2.1,2.2,1.8,1.4,1.5,1.6,1.2,2.8,3.3,3.7,3.4,2.8,2.6,2.6,3,2.8,2.1,1.6,1.4,1.6,2.1,2.1,1.4,2.2
2014/9/4,豐原,AMB_TEMP,26,25,25,25,25,25,26,27,28,29,30,31,31,31,30,30,29,29,28,27,27,27,26,26
2014/9/4,豐原,CH4,1.7,1.7,1.7,1.8,1.7,1.7,1.7,1.7,1.7,1.7,1.7,1.7,1.7,1.7,1.7,1.7,1.7,1.8,1.8,1.8,1.8,1.9,1.8,1.8
2014/9/4,豐原,CO,0.33,0.34,0.36,0.39,0.29,0.31,0.36,0.54,0.39,0.32,0.26,0.26,0.24,0.26,0.28,0.29,0.33,0.38,0.35,0.4,0.46,0.66,0.52,0.44
2014/9/4,豐原,NMHC,0.22,0.23,0.29,0.31,0.22,0.16,0.19,0.26,0.17,0.17,0.16,0.18,0.14,0.15,0.15,0.15,0.16,0.16,0.17,0.29,0.39,0.35,0.27,0.23
2014/9/4,豐原,NO,1.5,1.6,1.9,5.7,2.2,1.2,2.6,7.7,4.1,4,2.3,1.3,1,1,0.9,0.6,0.5,0.7,0.7,0.3,0.4,0.8,0.7,0.7
2014/9/4,豐原,NO2,13,12,12,15,12,9.5,9.8,14,12,14,12,12,9.7,9.5,7,6,7.3,9.4,8.2,9.1,12,12,11,9.4
2014/9/4,豐原,NOx,14,14,14,20,14,11,12,22,17,18,14,13,11,11,7.9,6.6,7.8,10,8.9,9.4,12,13,11,10
2014/9/4,豐原,O3,4.7,2.6,1.5,1,5.4,8.1,9.8,13,21,30,44,60,70,65,70,72,67,51,47,39,24,28,28,22
2014/9/4,豐原,PM10,18,24,13,17,21,21,35,40,39,54,47,63,30,31,40,55,63,35,40,45,45,40,20,46
2014/9/4,豐原,PM2.5,12,9,11,10,13,14,7,6,11,18,27,25,27,20,27,29,32,29,29,29,24,29,29,31
2014/9/4,豐原,RAINFALL,NR,NR,NR,NR,NR,NR,NR,NR,NR,NR,NR,NR,NR,NR,NR,NR,NR,NR,NR,NR,NR,NR,NR,NR
2014/9/4,豐原,RH,87,89,90,90,87,85,80,74,68,65,62,60,60,66,69,69,70,73,76,80,83,83,85,89
2014/9/4,豐原,SO2,2.1,2.1,2,2.8,2.2,2.5,2.7,4.2,7.3,8.3,5.5,4.8,3.5,3.5,2.3,1.8,2.1,2.3,2.7,2.4,2.4,15,8,2.4
2014/9/4,豐原,THC,1.9,1.9,2,2.1,2,1.8,1.9,2,1.8,1.9,1.8,1.9,1.8,1.9,1.9,1.9,1.9,1.9,1.9,2.1,2.2,2.3,2.1,2
2014/9/4,豐原,WD_HR,106,106,108,103,86,94,95,222,352,306,317,315,310,300,302,311,71,70,69,79,108,154,117,109
2014/9/4,豐原,WIND_DIREC,112,101,108,45,103,74,210,52,307,304,326,307,311,297,312,137,73,72,55,83,117,161,100,111
2014/9/4,豐原,WIND_SPEED,1,1.3,1.5,0.8,1.4,1.6,1.1,0.9,2.3,2.8,2.4,3,3.5,4,4.5,3.7,3.5,1.7,2,1,1.2,1.6,1.2,2
2014/9/4,豐原,WS_HR,1.4,1.5,1.6,1.4,1.2,1.3,0.7,0.1,0.7,1.8,1.6,1.6,2,2.1,1.7,0.4,1,1.3,1,1.1,1.2,1.2,1.1,1.7
2014/9/5,豐原,AMB_TEMP,25,26,25,25,24,24,25,26,28,30,31,31,32,32,32,31,31,31,29,28,28,27,27,27
2014/9/5,豐原,CH4,1.8,1.8,1.7,1.7,1.8,1.7,1.7,1.7,1.7,1.7,0,1.8,1.7,1.7,1.7,1.6,1.6,1.6,1.6,1.6,1.6,1.6,1.7,1.7
2014/9/5,豐原,CO,0.42,0.42,0.36,0.35,0.34,0.35,0.39,0.47,0.34,0.22,0.32,0.38,0.32,0.23,0.2,0.17,0.21,0.22,0.35,0.33,0.31,0.3,0.34,0.27
2014/9/5,豐原,NMHC,0.22,0.22,0.21,0.2,0.18,0.23,0.2,0.21,0.21,0.13,0.24,0.24,0.13,0.1,0.16,0.12,0.11,0.11,0.16,0.16,0.13,0.12,0.13,0.11
2014/9/5,豐原,NO,0.9,0.8,0.4,1,1.1,1.3,2.1,5.9,3.4,1,1.4,1.2,1.1,1.3,1.2,2.1,1.9,1.7,1.3,1.1,0.9,1.1,1,0.9
2014/9/5,豐原,NO2,8.6,8.3,7,7,6.9,7.7,8.3,10,8.6,4.6,8.7,9.3,10,7.5,7.9,11,9.3,9.4,12,10,9.3,9.2,9.4,8.4
2014/9/5,豐原,NOx,9.5,9.1,7.4,8,8,8.9,10,16,12,5.6,10,11,11,8.8,9.1,13,11,11,13,12,10,10,10,9.3
2014/9/5,豐原,O3,20,22,19,15,13,11,12,13,29,45,63,87,88,81,74,46,51,44,33,28,35,30,27,30
2014/9/5,豐原,PM10,44,51,65,63,67,40,38,40,42,38,37,71,83,80,42,37,32,29,48,42,38,23,31,39
2014/9/5,豐原,PM2.5,20,20,16,22,18,26,14,12,11,15,33,36,50,35,34,24,25,12,12,10,16,18,18,22
2014/9/5,豐原,RAINFALL,NR,NR,NR,NR,NR,NR,NR,NR,NR,NR,NR,NR,NR,NR,NR,NR,NR,NR,NR,NR,NR,NR,NR,NR
2014/9/5,豐原,RH,90,89,90,91,92,90,84,73,64,59,59,63,59,56,59,62,61,65,74,79,76,81,83,82
2014/9/5,豐原,SO2,2,1.7,1.7,1.7,1.6,1.7,2.1,2.2,1.7,1.7,3.4,3.2,4,3.2,3.3,3.4,3.5,3.6,1.9,1.5,1.4,1.6,3,2.2
2014/9/5,豐原,THC,2,2,2,1.9,1.9,2,1.9,1.9,1.9,1.8,0,2,1.8,1.8,1.8,1.7,1.7,1.7,1.8,1.8,1.8,1.7,1.8,1.8
2014/9/5,豐原,WD_HR,110,110,93,101,103,92,105,63,21,25,298,311,308,299,312,310,310,330,94,122,117,122,121,124
2014/9/5,豐原,WIND_DIREC,117,103,96,109,105,109,67,44,60,310,310,310,308,257,311,303,311,38,118,123,118,115,113,102
2014/9/5,豐原,WIND_SPEED,1,1.2,1.7,1.6,1.9,1.8,0.7,0.9,1.7,2,2.9,2.2,2.7,1.7,3.9,2.8,2.9,1.4,2.4,2.6,2.1,2.2,1.8,0.9
2014/9/5,豐原,WS_HR,1.4,1.1,1.2,1.3,1.6,0.9,1.4,0.7,0.8,0.8,2,2,2.3,1.4,2.2,2.7,1.8,0.9,0.8,2.2,2.1,1.9,1.6,1.2
2014/9/6,豐原,AMB_TEMP,27,26,26,26,25,25,26,27,29,29,30,31,31,31,31,31,31,30,29,28,27,27,27,27
2014/9/6,豐原,CH4,1.7,1.7,1.7,1.7,1.7,1.7,1.7,1.7,1.7,1.7,1.7,1.7,1.7,1.7,1.7,1.7,1.6,1.6,1.7,1.7,1.7,1.7,1.7,1.8
2014/9/6,豐原,CO,0.24,0.23,0.21,0.18,0.2,0.29,0.43,0.54,0.42,0.31,0.45,0.4,0.45,0.44,0.34,0.23,0.17,0.19,0.26,0.45,0.43,0.37,0.38,0.47
2014/9/6,豐原,NMHC,0.1,0.1,0.08,0.07,0.07,0.09,0.16,0.19,0.24,0.14,0.16,0.15,0.11,0.09,0.1,0.11,0.12,0.12,0.14,0.18,0.16,0.13,0.13,0.19
2014/9/6,豐原,NO,0.9,1,1,1.3,1.4,1.5,1.8,2.3,1.9,1.7,1.7,1.3,1.4,1.2,1.4,1.1,1.4,1.6,1.5,2.2,2.7,2.5,2.1,2
2014/9/6,豐原,NO2,7.3,7,6.2,6.1,5.9,7.7,10,11,8.4,6.7,10,12,9.8,12,8.9,6.7,6.7,8.4,11,14,13,12,12,18
2014/9/6,豐原,NOx,8.3,8.1,7.2,7.4,7.3,9.2,12,13,10,8.4,12,13,11,13,10,7.8,8.1,10,12,16,16,14,14,20
2014/9/6,豐原,O3,27,23,22,21,21,20,15,20,42,51,72,86,92,91,83,66,39,25,19,9.9,7.7,9.4,8.6,5.6
2014/9/6,豐原,PM10,47,46,35,16,10,19,17,22,42,55,67,56,81,67,71,36,48,31,53,37,35,31,47,64
2014/9/6,豐原,PM2.5,25,26,20,16,17,18,10,13,22,28,31,34,43,51,44,39,19,21,20,22,21,14,20,20
2014/9/6,豐原,RAINFALL,NR,NR,NR,NR,NR,NR,NR,NR,NR,NR,NR,NR,NR,NR,NR,NR,NR,NR,NR,NR,NR,NR,NR,NR
2014/9/6,豐原,RH,83,86,88,86,86,86,82,78,70,62,59,62,62,65,64,65,67,72,75,81,85,87,88,86
2014/9/6,豐原,SO2,2.1,1.8,1.6,1.6,1.4,1.4,1.5,6.3,3.8,6.8,4,4,6.9,6.2,4,2.9,2.7,2.7,2.3,1.8,1.7,2,1.9,2.8
2014/9/6,豐原,THC,1.8,1.8,1.8,1.8,1.8,1.8,1.9,1.9,1.9,1.8,1.9,1.9,1.8,1.8,1.8,1.8,1.8,1.8,1.8,1.8,1.8,1.8,1.8,1.9
2014/9/6,豐原,WD_HR,102,103,111,116,103,107,102,92,212,187,237,304,316,311,348,343,307,8.6,56,117,112,113,132,179
2014/9/6,豐原,WIND_DIREC,100,110,106,109,109,101,99,140,219,193,348,311,299,329,333,62,310,48,64,112,113,114,162,191
2014/9/6,豐原,WIND_SPEED,1,1.8,1.9,1.4,1.9,1.9,1.3,1.1,1.6,1.7,1.7,3.3,3.3,2.8,2.4,2.6,3.2,2.1,1,1.3,1.8,1.8,2.8,2.8
2014/9/6,豐原,WS_HR,1,1.5,1.8,1.7,1.8,1.9,1.4,0.9,1.1,1.6,0.3,1.8,1.6,1.5,0.7,0.3,0.9,0.4,0.7,1.3,1.7,1.9,2,2.8
2014/9/7,豐原,AMB_TEMP,27,27,27,27,27,27,27,28,28,30,31,32,33,32,32,31,31,30,29,28,28,27,27,27
2014/9/7,豐原,CH4,1.7,1.7,1.7,1.7,1.7,1.7,1.7,1.6,1.6,1.6,1.6,1.7,1.7,1.7,1.7,1.7,1.7,1.7,1.7,1.7,1.7,1.7,1.7,1.7
2014/9/7,豐原,CO,0.37,0.25,0.22,0.21,0.2,0.22,0.26,0.26,0.22,0.23,0.24,0.27,0.29,0.26,0.25,0.53,0.55,0.57,0.76,0.83,0.53,0.41,0.3,0.25
2014/9/7,豐原,NMHC,0.12,0.06,0.05,0.04,0.04,0.04,0.05,0.05,0.05,0.07,0.08,0.08,0.09,0.07,0.07,0.06,0.07,0.09,0.12,0.13,0.1,0.08,0.06,0.06
2014/9/7,豐原,NO,1.5,1.2,1,1.1,1.1,1.3,1.3,1.5,1.3,1.6,1.8,1.3,1.2,1.4,1.6,2.2,2.3,1.7,1.5,1.5,1.3,1.3,1.4,1.3
2014/9/7,豐原,NO2,13,7.9,6.2,5.3,4.9,5.3,5.6,4.9,3.8,4.3,5,5.7,6.3,6.6,6.6,14,14,13,19,19,12,9.1,7,5.6
2014/9/7,豐原,NOx,14,9.2,7.2,6.4,6,6.6,6.9,6.4,5.2,5.9,6.7,7,7.5,8,8.1,17,16,15,21,21,13,10,8.4,6.9
2014/9/7,豐原,O3,17,27,34,36,36,34,34,36,38,43,54,65,72,63,60,54,49,54,41,25,31,30,29,27
2014/9/7,豐原,PM10,56,53,41,28,31,27,31,21,21,28,42,37,50,40,43,19,25,52,54,72,39,51,27,47
2014/9/7,豐原,PM2.5,20,21,22,34,25,22,13,16,18,22,27,20,16,11,22,25,33,30,36,39,37,28,24,24
2014/9/7,豐原,RAINFALL,NR,NR,NR,NR,NR,NR,NR,NR,NR,NR,NR,NR,NR,NR,NR,NR,NR,NR,NR,NR,NR,NR,NR,NR
2014/9/7,豐原,RH,86,83,80,79,80,79,76,76,71,65,61,55,53,56,60,62,66,68,74,80,80,82,81,81
2014/9/7,豐原,SO2,3.7,3.2,3.2,4.1,4,4.1,3.3,2.4,2.1,2.4,2.3,1.9,2.9,3.3,3.5,9.3,9.2,7.7,8.2,5.1,3.4,2.9,2.4,2.5
2014/9/7,豐原,THC,1.9,1.8,1.7,1.7,1.7,1.7,1.7,1.7,1.7,1.7,1.7,1.7,1.8,1.7,1.7,1.7,1.7,1.7,1.8,1.8,1.8,1.8,1.7,1.7
2014/9/7,豐原,WD_HR,188,168,173,187,173,172,180,177,185,195,202,197,206,224,244,265,272,248,136,120,151,160,149,124
2014/9/7,豐原,WIND_DIREC,179,161,178,192,173,187,179,176,187,203,188,195,219,232,264,280,277,244,120,128,160,152,135,118
2014/9/7,豐原,WIND_SPEED,2.6,2.6,2.7,4,2.6,3.4,2.6,2.4,4,4.2,3.6,3.6,4.1,4,4.3,2.9,2.8,1.9,1.6,1.9,2.3,1.3,2.2,1.6
2014/9/7,豐原,WS_HR,3.2,2.6,2.5,3.4,2.6,2.8,2.5,2.2,3.2,3.1,3.7,3,3.3,3.7,3.5,3.1,2.6,1.7,0.7,1.7,1.8,1.5,1.8,1.9
2014/9/8,豐原,AMB_TEMP,26,25,25,25,25,24,25,27,29,30,30,31,31,31,31,31,30,31,29,28,27,26,26,25
2014/9/8,豐原,CH4,1.7,1.7,1.7,1.7,1.7,1.7,1.7,1.7,1.7,1.7,1.7,1.7,1.7,1.6,1.6,1.6,1.6,1.6,1.6,1.7,1.7,1.7,1.7,1.7
2014/9/8,豐原,CO,0.25,0.18,0.14,0.13,0.12,0.17,0.26,0.36,0.31,0.34,0.27,0.29,0.3,0.28,0.42,0.31,0.37,0.22,0.26,0.37,0.34,0.31,0.24,0.19
2014/9/8,豐原,NMHC,0.06,0.05,0.03,0.03,0.03,0.05,0.08,0.12,0.09,0.11,0.1,0.08,0.05,0.04,0.04,0.03,0.04,0.06,0.09,0.11,0.1,0.08,0.07,0.06
2014/9/8,豐原,NO,1.4,1.2,1.2,1.2,1.4,1.6,1.9,3.1,2.2,2.2,1.8,1.7,1.6,1.6,3.8,3.9,3.8,2,1.6,1.8,2.1,2.2,1.6,1.6
2014/9/8,豐原,NO2,6.4,5.2,4.7,4.7,4.9,6,6.7,8.2,5.7,7.4,6.1,6.5,7,7.1,11,8.2,9.7,6.6,7.3,11,11,10,7.9,6.9
2014/9/8,豐原,NOx,7.8,6.4,5.8,5.9,6.4,7.6,8.7,11,7.9,9.6,7.8,8.2,8.6,8.7,15,12,14,8.6,8.9,13,13,12,9.5,8.5
2014/9/8,豐原,O3,19,15,14,14,14,12,13,21,34,44,48,53,48,40,26,23,17,23,26,17,11,13,15,15
2014/9/8,豐原,PM10,49,42,38,23,28,15,24,11,10,21,26,33,19,14,29,32,43,22,40,29,29,5,21,17
2014/9/8,豐原,PM2.5,29,28,20,13,8,8,3,7,22,34,27,20,18,20,13,7,11,13,10,11,18,16,18,11
2014/9/8,豐原,RAINFALL,NR,NR,NR,NR,NR,NR,NR,NR,NR,NR,NR,NR,NR,NR,NR,NR,NR,NR,NR,NR,NR,NR,NR,NR
2014/9/8,豐原,RH,82,83,83,84,85,86,85,77,66,63,60,59,65,65,63,62,65,61,67,75,81,81,84,85
2014/9/8,豐原,SO2,2.4,1.6,1.4,1.4,1.4,1.3,1.4,1.7,1.5,1.7,1.3,2.7,5.5,6.5,9.8,7.1,8.3,2.8,2.2,1.6,1.9,1.7,1.5,1.5
2014/9/8,豐原,THC,1.7,1.7,1.7,1.7,1.7,1.7,1.8,1.8,1.8,1.8,1.8,1.8,1.7,1.7,1.7,1.6,1.7,1.7,1.7,1.8,1.8,1.8,1.8,1.8
2014/9/8,豐原,WD_HR,95,112,113,116,108,112,103,83,193,242,236,268,300,304,307,303,291,264,269,106,114,106,115,111
2014/9/8,豐原,WIND_DIREC,106,107,108,109,103,121,49,226,191,311,200,294,317,302,306,307,214,296,289,117,110,106,119,112
2014/9/8,豐原,WIND_SPEED,1.3,1.5,1.9,2.1,1.8,1.9,1.1,1.3,2.1,1.9,1.5,2.8,3,3.4,3.5,2.9,2.2,2.5,1.2,1.9,1.7,1.8,2.3,1.6
2014/9/8,豐原,WS_HR,1.1,1.7,1.8,1.7,1.8,1.9,1.6,0.4,0.9,0.7,0.5,1.9,2.4,2.8,3.3,3,1.7,1.4,0.3,1.4,1.9,1.9,2,1.7
2014/9/9,豐原,AMB_TEMP,25,26,27,26,26,26,26,26,28,29,30,31,31,31,31,31,30,30,29,28,27,28,27,27
2014/9/9,豐原,CH4,1.7,1.7,1.7,1.7,1.7,1.7,1.7,1.7,1.6,1.6,1.7,1.7,1.7,1.6,1.6,1.6,1.6,1.6,1.6,1.6,1.6,1.7,1.7,1.7
2014/9/9,豐原,CO,0.2,0.2,0.17,0.14,0.13,0.17,0.28,0.48,0.27,0.23,0.38,0.33,0.3,0.22,0.23,0.25,0.24,0.29,0.31,0.42,0.4,0.35,0.31,0.25
2014/9/9,豐原,NMHC,0.06,0.06,0.04,0.04,0.06,0.07,0.12,0.18,0.17,0.25,0.22,0.23,0.15,0.1,0.12,0.11,0.14,0.12,0.17,0.21,0.21,0.21,0.19,0.16
2014/9/9,豐原,NO,1.3,1.5,1.6,1.4,1.4,1.6,4.6,11,3.9,3.7,2.3,2.5,2.8,2,3,4.4,4.6,3.7,2.4,3.5,3.8,3.7,3.8,2.2
2014/9/9,豐原,NO2,6.6,6.8,6.6,5.7,6,7.7,11,13,8.3,8.7,11,14,14,11,11,12,12,13,14,16,16,16,14,11
2014/9/9,豐原,NOx,7.8,8.3,8.2,7.1,7.4,9.3,16,23,12,12,14,17,17,13,14,16,16,17,16,19,19,19,17,14
2014/9/9,豐原,O3,14,17,18,17,10,7.3,4.3,7.1,17,28,54,51,44,40,31,25,18,14,9.6,3.8,2.7,4,2.9,3.9
2014/9/9,豐原,PM10,32,31,31,15,9,13,21,18,28,21,43,38,41,29,39,36,26,15,41,34,26,9,26,29
2014/9/9,豐原,PM2.5,19,18,16,11,6,9,9,11,9,6,13,23,31,20,23,21,22,18,19,22,12,11,10,8
2014/9/9,豐原,RAINFALL,NR,NR,NR,NR,NR,NR,NR,NR,NR,NR,NR,NR,NR,NR,NR,NR,NR,NR,NR,NR,NR,NR,NR,NR
2014/9/9,豐原,RH,85,82,83,84,87,87,83,81,77,70,62,61,63,64,62,60,61,62,65,74,77,75,78,78
2014/9/9,豐原,SO2,1.5,2.8,8,2.8,1.8,2.9,1.8,3,2.1,2.6,2.5,4,7.2,5.9,6.7,7.3,6.1,5.7,3.8,2.8,3.5,4.1,2.8,2.5
2014/9/9,豐原,THC,1.8,1.8,1.7,1.7,1.7,1.8,1.8,1.9,1.8,1.9,1.9,1.9,1.8,1.7,1.7,1.7,1.8,1.7,1.8,1.8,1.9,1.9,1.8,1.8
2014/9/9,豐原,WD_HR,111,132,164,114,77,77,40,62,209,195,235,278,285,305,307,305,309,294,319,118,124,135,115,112
2014/9/9,豐原,WIND_DIREC,114,151,163,70,83,92,0.2,328,232,211,284,300,300,315,306,300,309,281,113,121,158,201,124,107
2014/9/9,豐原,WIND_SPEED,1.4,1.8,1.7,1.3,1.2,1.2,1,1.2,2.3,1.8,2.4,2.5,2.6,2.7,3.4,3,2.4,1.9,2.2,2.2,1.8,1.1,2.1,1.7
2014/9/9,豐原,WS_HR,1.5,1.2,1.5,0.9,0.9,1.1,0.5,0.4,1.4,1.7,1.2,2,2.1,2.2,2.5,2.7,2,1.8,0.7,1.8,1.8,1.3,1.5,1.4
2014/9/10,豐原,AMB_TEMP,26,26,26,25,25,25,25,27,28,29,30,30,30,30,30,31,30,30,28,27,27,27,27,27
2014/9/10,豐原,CH4,1.7,1.7,1.7,1.7,1.7,1.7,1.8,1.7,1.7,1.7,1.7,1.7,1.7,1.6,1.6,1.6,1.6,1.6,1.6,1.6,1.6,1.7,1.7,1.7
2014/9/10,豐原,CO,0.28,0.26,0.18,0.15,0.19,0.23,0.36,0.38,0.28,0.32,0.35,0.27,0.29,0.16,0.1,0.1,0.14,0.22,0.39,0.35,0.33,0.4,0.56,0.58
2014/9/10,豐原,NMHC,0.19,0.2,0.14,0.12,0.14,0.14,0.2,0.21,0.28,0.21,0.21,0.15,0.08,0.05,0.06,0.09,0.07,0.07,0.16,0.15,0.13,0.15,0.23,0.24
2014/9/10,豐原,NO,2.2,2.6,2.1,1.8,1.8,2.4,5.8,5,2.5,2.6,1.9,2.2,2.4,2,2,2.1,1.6,1.3,1.6,1.6,2.3,2.2,4.1,5.9
2014/9/10,豐原,NO2,12,12,9.6,8.3,8.4,9,12,9.2,7.1,8.6,12,13,10,7.4,4.7,5.8,4.5,5.7,12,11,11,13,20,20
2014/9/10,豐原,NOx,14,14,12,10,10,11,17,14,9.7,11,13,15,13,9.4,6.7,7.9,6.1,7,14,13,14,15,24,25
2014/9/10,豐原,O3,2,2.2,4.1,4.1,4.1,4.2,5.6,17,29,45,58,42,44,34,26,25,29,36,21,14,12,8.7,1.6,1.1
2014/9/10,豐原,PM10,34,17,24,28,28,17,34,34,46,14,44,40,43,42,35,36,36,41,41,39,19,22,60,46
2014/9/10,豐原,PM2.5,4,5,5,6,4,4,10,9,11,4,4,12,20,25,14,13,13,11,15,17,16,19,12,16
2014/9/10,豐原,RAINFALL,NR,NR,NR,NR,NR,NR,NR,NR,NR,NR,NR,NR,NR,NR,NR,NR,NR,NR,NR,NR,NR,NR,NR,NR
2014/9/10,豐原,RH,82,85,86,87,89,89,88,80,68,64,60,68,67,63,59,57,60,67,76,80,82,82,84,86
2014/9/10,豐原,SO2,2.6,2.1,2.1,1.8,1.6,1.5,1.9,9.1,2.8,5.2,2.2,5.4,7.3,3.9,2.1,1.5,2.1,2.5,2.5,2.5,3.3,5.1,4.9,4.6
2014/9/10,豐原,THC,1.9,1.9,1.8,1.8,1.8,1.9,1.9,1.9,1.9,1.9,1.9,1.8,1.7,1.7,1.7,1.7,1.7,1.7,1.8,1.8,1.8,1.8,1.9,1.9
2014/9/10,豐原,WD_HR,110,111,111,108,106,113,86,158,199,185,283,298,302,303,303,31,58,54,102,115,117,114,104,115
2014/9/10,豐原,WIND_DIREC,115,113,117,110,115,118,65,152,171,149,289,309,293,295,310,69,70,48,107,163,109,114,116,113
2014/9/10,豐原,WIND_SPEED,1.7,1.8,1.7,1.8,1.7,1.4,1.1,1.3,2.1,1.8,2.2,3.3,3.3,3.2,2,2.1,2,1.5,1.8,1.3,1.8,1.8,1.6,1.4
2014/9/10,豐原,WS_HR,1.7,1.9,1.7,1.5,1.7,1.6,0.9,0.8,2,1.5,1.5,2.8,2.7,2.9,2.2,0.7,1.6,1.6,1.4,1.2,1.4,1.6,1.4,1.7
2014/9/11,豐原,AMB_TEMP,26,26,25,25,25,25,25,27,29,30,30,30,30,31,31,31,30,29,28,28,27,27,27,27
2014/9/11,豐原,CH4,1.7,1.7,1.7,1.7,1.7,1.7,1.7,1.7,1.7,1.7,1.7,1.6,1.6,1.6,1.6,1.6,1.6,1.6,1.6,1.6,1.6,1.6,1.7,1.7
2014/9/11,豐原,CO,0.54,0.51,0.47,0.48,0.44,0.37,0.4,0.59,0.33,0.29,0.27,0.21,0.17,0.16,0.15,0.15,0.17,0.3,0.27,0.34,0.27,0.26,0.35,0.37
2014/9/11,豐原,NMHC,0.23,0.22,0.19,0.21,0.19,0.12,0.13,0.23,0.13,0.16,0.15,0.17,0.08,0.09,0.11,0.11,0.12,0.14,0.15,0.16,0.13,0.1,0.18,0.23
2014/9/11,豐原,NO,5.7,6.3,4.7,4.7,4.5,2,2.3,5.6,3,3.3,1.9,1.2,1.3,1.2,2.5,1.7,1.8,2.1,1.6,1.5,1.1,1.2,1.5,2
2014/9/11,豐原,NO2,19,17,16,15,14,11,8.6,14,9.6,15,9.8,7.8,5.3,7,8.3,6.4,11,17,13,12,9.3,8.5,14,15
2014/9/11,豐原,NOx,24,23,21,20,19,13,11,19,13,19,12,9,6.6,8.3,11,8.1,13,19,14,13,10,9.7,15,17
2014/9/11,豐原,O3,1.2,0.7,1,0.9,1.7,6.9,9.4,13,33,45,58,59,54,53,46,38,31,19,22,13,14,14,12,11
2014/9/11,豐原,PM10,46,46,46,46,46,46,46,46,46,46,46,46,46,46,46,46,46,46,46,46,46,46,46,46
2014/9/11,豐原,PM2.5,15,16,8,9,7,6,7,5,10,15,24,38,32,39,27,29,23,18,25,15,23,19,26,23
2014/9/11,豐原,RAINFALL,NR,NR,NR,NR,NR,NR,NR,NR,NR,NR,NR,NR,NR,NR,NR,NR,NR,NR,NR,NR,NR,NR,NR,NR
2014/9/11,豐原,RH,86,88,89,90,90,87,87,80,68,63,68,68,65,64,60,65,73,79,82,86,87,87,86,86
2014/9/11,豐原,SO2,4.2,2.2,2.2,2,1.9,1.5,1.2,2.1,2.3,5.6,3.8,3,2.8,2.6,2.3,2,2.9,4.2,2.3,1.8,1.8,1.9,7.2,9.9
2014/9/11,豐原,THC,1.9,1.9,1.9,1.9,1.9,1.8,1.8,1.9,1.8,1.8,1.8,1.8,1.7,1.7,1.7,1.7,1.7,1.8,1.8,1.8,1.8,1.7,1.9,1.9
2014/9/11,豐原,WD_HR,109,113,110,104,111,106,113,53,319,313,307,311,308,315,312,310,311,314,81,117,115,114,159,186
2014/9/11,豐原,WIND_DIREC,104,106,108,90,122,97,84,31,307,305,309,310,311,320,55,315,313,313,110,121,116,110,160,190
2014/9/11,豐原,WIND_SPEED,1.6,1.4,1.5,1.1,1.7,1.3,1.2,0.8,1.6,1.9,3.3,3.6,4.1,2.9,2.2,3.1,2.9,2.2,1.3,1.8,1.9,0.9,2.3,2.6
2014/9/11,豐原,WS_HR,1.3,1.4,1.7,1.4,1.4,1,1.7,0.5,0.7,1.1,2.3,2.7,3.2,2.2,1.1,2.3,1.9,1.4,0.5,1.6,1.8,1.5,1.7,2.3
2014/9/12,豐原,AMB_TEMP,27,27,27,27,26,26,26,26,27,28,28,28,29,29,29,30,30,29,28,27,26,26,26,26
2014/9/12,豐原,CH4,1.7,1.7,1.7,1.7,1.7,1.7,1.7,1.7,1.7,1.6,1.6,1.6,1.6,1.6,1.6,1.6,1.6,1.6,1.6,1.7,1.6,1.6,1.7,1.7
2014/9/12,豐原,CO,0.37,0.37,0.39,0.36,0.24,0.2,0.21,0.46,0.41,0.3,0.27,0.24,0.17,0.11,0.12,0.14,0.16,0.27,0.34,0.39,0.32,0.24,0.24,0.25
2014/9/12,豐原,NMHC,0.24,0.23,0.24,0.16,0.09,0.08,0.09,0.16,0.19,0.14,0.19,0.17,0.06,0.05,0.07,0.13,0.09,0.14,0.19,0.23,0.14,0.09,0.08,0.1
2014/9/12,豐原,NO,1.8,1.8,1.1,1.5,0.8,0.4,0.7,4.3,4.4,2.4,2.8,2.9,2.1,1.4,0.7,0.8,1.4,1.5,1.4,2.3,2.7,2,1.4,1.3
2014/9/12,豐原,NO2,15,14,12,9.5,7,6.3,5.7,11,12,7.8,14,12,7.6,4.4,3.5,5,6.4,10,12,13,11,9.1,7.6,8.3
2014/9/12,豐原,NOx,17,15,13,11,7.8,6.7,6.5,15,16,10,16,15,9.7,5.8,4.2,5.8,7.8,12,13,15,14,11,9,9.6
2014/9/12,豐原,O3,9.6,10,11,13,23,21,23,16,18,28,25,22,28,29,30,29,27,20,12,4.9,4.5,6.5,6.7,7.4
2014/9/12,豐原,PM10,42,42,42,42,42,42,42,42,42,42,42,42,46,32,30,13,20,8,20,28,42,33,27,20
2014/9/12,豐原,PM2.5,23,22,30,35,29,34,22,29,20,19,21,14,18,7,14,10,19,16,17,13,13,11,15,9
2014/9/12,豐原,RAINFALL,NR,NR,NR,NR,20,0.4,NR,NR,NR,NR,NR,NR,NR,NR,NR,NR,NR,NR,NR,NR,NR,NR,NR,NR
2014/9/12,豐原,RH,86,88,89,89,95,95,93,92,89,82,81,86,74,69,71,66,65,67,70,82,83,82,83,83
2014/9/12,豐原,SO2,6.2,8.2,8.5,11,6.2,3.7,3.3,11,11,6.9,4.8,4.5,4.1,2.1,1.3,1.6,2.3,2.6,2.3,2.1,2.2,2,1.9,2.6
2014/9/12,豐原,THC,2,2,2,1.9,1.8,1.8,1.7,1.8,1.8,1.8,1.8,1.8,1.7,1.7,1.7,1.7,1.7,1.8,1.8,1.9,1.8,1.7,1.8,1.8
2014/9/12,豐原,WD_HR,179,182,189,189,173,191,193,182,183,177,326,36,292,329,62,41,302,303,318,110,118,115,116,123
2014/9/12,豐原,WIND_DIREC,164,192,191,198,180,187,197,187,172,188,64,313,303,58,57,318,296,310,102,119,117,115,119,125
2014/9/12,豐原,WIND_SPEED,1.9,2.5,2,2.7,2.4,3.6,2.8,1.9,1.8,2,1.7,2,1.5,1.4,1.4,2.1,2.7,2.1,1.3,2.4,2.5,2.3,1.9,1.1
2014/9/12,豐原,WS_HR,2,2,2.3,2.7,2.8,3.6,3.1,1.8,1.7,1.4,0.3,0.6,1.5,0.9,1.7,0.8,2,1.9,0.6,1.7,2.4,2.3,2.2,1.1
2014/9/13,豐原,AMB_TEMP,25,25,25,25,24,24,25,27,28,29,30,30,29,29,29,29,29,28,28,27,27,26,26,26
2014/9/13,豐原,CH4,1.7,1.7,1.7,1.6,1.6,1.6,1.7,1.7,1.6,1.6,1.6,1.6,1.6,1.6,1.6,1.6,1.6,1.6,1.6,1.6,1.6,1.6,1.7,1.7
2014/9/13,豐原,CO,0.25,0.23,0.26,0.2,0.17,0.23,0.36,0.4,0.19,0.16,0.13,0.17,0.15,0.13,0.12,0.12,0.14,0.18,0.23,0.27,0.25,0.28,0.29,0.27
2014/9/13,豐原,NMHC,0.1,0.09,0.06,0.04,0.03,0.07,0.13,0.11,0.04,0.05,0.07,0.05,0.06,0.06,0.08,0.1,0.13,0.11,0.07,0.09,0.08,0.09,0.11,0.13
2014/9/13,豐原,NO,1.2,1,1.4,1.6,1.6,1.8,3.5,8.4,3.3,4.6,2.5,1.9,1.7,1.8,1.6,2,2.3,1.9,1.6,1.6,1.7,1.7,1.6,1.6
2014/9/13,豐原,NO2,8.5,8,10,6.9,6,7.6,8.3,9.6,5.7,9.5,5.8,6.1,6.5,5.1,5.8,6.9,8.2,7.2,8.4,9.4,9.1,11,12,9.3
2014/9/13,豐原,NOx,9.7,9,11,8.5,7.7,9.4,12,18,9,14,8.3,8,8.2,6.9,7.4,8.9,10,9.1,10,11,11,13,14,11
2014/9/13,豐原,O3,5.7,4.8,3.8,7.4,7.5,6.1,6.3,12,20,20,31,42,36,35,34,26,22,20,15,12,13,10,7.5,7
2014/9/13,豐原,PM10,22,12,14,9,19,31,31,32,24,37,34,38,26,31,25,29,35,44,40,40,28,51,32,30
2014/9/13,豐原,PM2.5,10,2,10,7,7,1,2,2,7,9,10,10,7,8,4,9,10,11,16,13,16,9,9,7
2014/9/13,豐原,RAINFALL,NR,NR,NR,NR,NR,NR,NR,NR,NR,NR,NR,NR,NR,NR,NR,NR,NR,NR,NR,NR,NR,NR,NR,NR
2014/9/13,豐原,RH,87,89,89,87,88,88,87,78,70,68,66,66,73,69,71,74,72,72,77,81,82,85,86,88
2014/9/13,豐原,SO2,2.1,2.5,2.6,2.2,2.1,2.1,2.3,3.2,2.6,2.8,2,1.9,2.3,2,1.7,1.6,2,2.4,2.3,2.4,2.5,2.4,2.2,1.9
2014/9/13,豐原,THC,1.8,1.7,1.7,1.7,1.7,1.7,1.8,1.8,1.7,1.7,1.7,1.7,1.7,1.7,1.7,1.7,1.8,1.7,1.7,1.7,1.7,1.7,1.8,1.8
2014/9/13,豐原,WD_HR,105,112,109,105,107,98,80,52,50,11,3.1,311,312,329,59,64,8.3,48,55,72,60,62,70,66
2014/9/13,豐原,WIND_DIREC,105,105,109,115,99,102,42,56,349,56,316,309,309,92,59,86,7.9,53,78,51,87,58,65,50
2014/9/13,豐原,WIND_SPEED,1.2,1.8,2.2,1.8,2.2,1.5,1,1.5,1.8,2.1,2.6,3.7,2.5,2.1,2.4,2,2,2,1.5,1.2,1.1,1.3,1.3,0.9
2014/9/13,豐原,WS_HR,1.4,1.9,2,1.7,2.2,1.4,1.1,1,1.2,0.8,0.9,1.7,2.6,0.7,0.9,1.1,0.2,0.7,1.7,1,1.3,1.1,0.8,0.8
2014/9/14,豐原,AMB_TEMP,25,25,25,25,24,24,24,26,28,29,31,32,33,33,34,34,33,32,31,31,30,29,28,29
2014/9/14,豐原,CH4,1.7,1.7,1.7,1.7,1.7,1.7,1.7,1.7,1.7,1.6,1.6,1.6,1.6,1.6,1.6,1.6,1.6,1.7,1.7,1.7,1.7,1.7,1.7,1.7
2014/9/14,豐原,CO,0.22,0.17,0.17,0.16,0.19,0.24,0.43,0.4,0.31,0.27,0.26,0.25,0.26,0.21,0.18,0.2,0.26,0.35,0.39,0.37,0.37,0.39,0.41,0.34
2014/9/14,豐原,NMHC,0.1,0.12,0.2,0.08,0.11,0.07,0.13,0.14,0.12,0.1,0.07,0.06,0.06,0.05,0.04,0.04,0.07,0.1,0.1,0.09,0.1,0.08,0.1,0.07
2014/9/14,豐原,NO,2,1.9,1.5,1,1.4,2,4,4.2,3.1,1.3,1,0.9,0.6,0.9,0.6,0.4,0.8,0.8,0.7,0.8,0.8,0.7,0.5,0.6
2014/9/14,豐原,NO2,8.9,6.8,7.5,6.1,6.6,6.5,6.6,8.1,7.5,6.4,5.3,5,5,4.4,3.8,4.5,7.3,13,13,12,12,12,12,8.3
2014/9/14,豐原,NOx,11,8.7,9,7.1,8,8.5,11,12,11,7.7,6.3,5.9,5.5,5.4,4.4,5,8,13,13,13,12,13,12,8.9
2014/9/14,豐原,O3,5.8,6.2,6.1,4,2.8,2.7,3.9,12,23,37,47,56,67,61,61,69,65,62,64,50,41,34,28,43
2014/9/14,豐原,PM10,23,24,26,20,31,36,28,22,10,20,18,16,7,28,31,38,24,39,53,73,67,61,42,35
2014/9/14,豐原,PM2.5,4,4,2,2,4,1,3,2,8,15,22,20,20,20,16,14,7,15,18,25,24,24,19,13
2014/9/14,豐原,RAINFALL,NR,NR,NR,NR,NR,NR,NR,NR,NR,NR,NR,NR,NR,NR,NR,NR,NR,NR,NR,NR,NR,NR,NR,NR
2014/9/14,豐原,RH,90,91,90,92,92,91,89,84,77,70,61,56,53,51,49,48,53,63,65,68,71,75,79,75
2014/9/14,豐原,SO2,1.9,1.8,2,1.7,1.9,1.9,2.1,4.6,3.2,2.7,1.9,1.2,1.8,1.5,1.6,2.1,3.3,10,8.2,4.5,4.2,5.3,3.7,3.7
2014/9/14,豐原,THC,1.8,1.8,1.9,1.7,1.8,1.7,1.8,1.8,1.8,1.7,1.7,1.7,1.7,1.7,1.7,1.7,1.7,1.8,1.8,1.8,1.8,1.8,1.8,1.7
2014/9/14,豐原,WD_HR,103,107,89,85,59,104,100,186,214,215,223,332,104,357,35,75,150,165,166,155,129,128,101,95
2014/9/14,豐原,WIND_DIREC,82,101,115,50,46,117,77,186,213,226,202,271,56,6.5,25,110,162,168,156,144,128,128,100,96
2014/9/14,豐原,WIND_SPEED,0.8,1.8,1.6,0.9,0.8,2.1,1,1.7,2.8,2.2,1.5,1.5,1.9,2.3,1.6,1.5,2.4,3.2,2.3,1.7,1.4,1.4,1.7,2.5
2014/9/14,豐原,WS_HR,1.1,1.2,0.6,1,0.7,1.4,1.1,1.1,2.1,2.3,1.4,0.5,0.3,0.7,0.8,0.9,1.7,2.9,2.6,2.3,1.7,1.1,0.9,2.3
2014/9/15,豐原,AMB_TEMP,29,28,27,26,26,26,26,28,30,32,32,34,35,36,35,35,34,33,30,30,30,30,28,28
2014/9/15,豐原,CH4,1.7,1.7,1.7,1.7,1.7,1.8,1.8,1.7,1.7,1.7,1.7,1.7,1.7,1.7,1.7,1.7,1.7,1.7,1.7,1.7,1.7,1.7,1.7,1.7
2014/9/15,豐原,CO,0.27,0.26,0.23,0.21,0.29,0.36,0.46,0.5,0.44,0.5,0.74,3.42,2.24,1.37,0.78,0.44,0.35,0.49,0.52,0.4,0.29,0.27,0.25,0.23
2014/9/15,豐原,NMHC,0.04,0.06,0.05,0.06,0.08,0.12,0.15,0.14,0.26,0.53,0.26,0.33,0.22,0.24,0.25,0.31,0.24,0.29,0.31,0.23,0.12,0.1,0.09,0.09
2014/9/15,豐原,NO,0.3,0.5,0.5,1,1.1,1.4,2.5,3.1,2.5,1.7,1.9,1.3,1.1,1.2,1.2,1.4,1.4,3.4,1.6,1.8,1.9,1.5,1.4,1
2014/9/15,豐原,NO2,5.1,4.8,5,4.7,5.8,9.4,10,10,10,11,12,9.3,7.7,8.1,8.3,8.8,11,21,17,14,12,9.9,8.1,6.8
2014/9/15,豐原,NOx,5.4,5.4,5.5,5.7,6.9,11,13,13,13,13,14,11,8.7,9.4,9.5,10,13,25,19,16,14,11,9.5,7.9
2014/9/15,豐原,O3,48,40,29,21,19,14,13,26,45,64,82,85,83,91,85,73,74,41,28,26,28,31,28,25
2014/9/15,豐原,PM10,31,44,40,39,22,27,25,52,71,84,89,111,112,98,82,82,72,75,56,43,18,32,33,48
2014/9/15,豐原,PM2.5,18,23,25,16,9,11,11,15,19,28,33,40,48,57,50,35,28,19,19,11,18,18,27,22
2014/9/15,豐原,RAINFALL,NR,NR,NR,NR,NR,NR,NR,NR,NR,NR,NR,NR,NR,NR,NR,NR,NR,NR,NR,NR,NR,NR,NR,NR
2014/9/15,豐原,RH,74,76,79,83,86,88,87,80,70,62,59,55,48,47,49,46,47,46,62,62,60,61,68,74
2014/9/15,豐原,SO2,3,2,4.3,3.2,6.5,4.4,3.3,8.9,9.9,6.3,7.5,5.7,5.5,6.3,5.5,4.5,5.1,4.4,4,3.6,4.7,4.6,4.4,2.9
2014/9/15,豐原,THC,1.7,1.7,1.7,1.7,1.8,1.9,1.9,1.9,2,2.2,2,2,1.9,2,2,2,1.9,2,2,1.9,1.8,1.8,1.8,1.8
2014/9/15,豐原,WD_HR,89,78,92,127,122,93,122,140,190,201,196,196,205,210,224,244,258,268,126,144,149,148,119,107
2014/9/15,豐原,WIND_DIREC,100,83,144,114,144,49,112,154,195,199,201,194,208,225,224,258,260,260,129,158,143,171,85,102
2014/9/15,豐原,WIND_SPEED,2.4,0.7,1,1.6,1.1,1.1,2.1,1.8,3.2,3.7,4.9,4.3,3.6,3.8,4.2,2.7,1.7,2.2,1.9,2.6,2.4,1.4,1.6,1.1
2014/9/15,豐原,WS_HR,2.3,1.3,1.1,1.3,1.2,1.2,1.5,1.7,2.7,3.4,4.1,4.1,4.2,3.4,3.5,2.3,1.7,1.6,1.7,1.9,2.4,1.6,1.2,1.1
2014/9/16,豐原,AMB_TEMP,28,27,26,26,26,27,26,28,31,32,33,33,32,32,31,31,30,30,29,28,28,27,26,26
2014/9/16,豐原,CH4,1.7,1.7,1.7,1.7,1.6,1.6,1.7,1.7,1.6,1.6,1.6,1.7,1.6,1.6,1.6,1.6,1.6,1.6,1.6,1.6,1.6,1.6,1.6,1.6
2014/9/16,豐原,CO,0.19,0.18,0.19,0.18,0.17,0.21,0.39,0.54,0.31,0.2,0.35,0.39,0.56,0.3,0.21,0.22,0.21,0.29,0.4,0.37,0.36,0.28,0.23,0.21
2014/9/16,豐原,NMHC,0.08,0.06,0.05,0.06,0.05,0.06,0.17,0.23,0.11,0.11,0.17,0.19,0.15,0.09,0.09,0.09,0.09,0.12,0.16,0.29,0.19,0.08,0.06,0.06
2014/9/16,豐原,NO,1,1.1,1.2,0.2,0,0.2,2.3,4.1,1.8,0.8,0.6,0.3,1.2,1,0.4,0.5,0.3,3,0.1,0.4,4.9,0.3,0,0.3
2014/9/16,豐原,NO2,5.7,5.3,5.1,5.6,5.5,6.3,14,15,9,5.7,8.7,13,20,6.7,6,6.3,6.2,12,15,12,15,7.8,7.4,6.5
2014/9/16,豐原,NOx,6.7,6.4,6.3,5.8,5.5,6.5,16,19,11,6.5,9.3,13,21,7.7,6.3,6.8,6.5,15,16,13,19,8,7.4,6.8
2014/9/16,豐原,O3,26,22,22,21,22,25,14,19,35,47,79,72,42,45,50,51,51,45,30,26,25,25,24,22
2014/9/16,豐原,PM10,31,44,27,48,33,33,18,29,41,46,51,49,49,56,66,58,54,46,58,60,63,51,53,32
2014/9/16,豐原,PM2.5,20,8,6,11,14,13,9,12,21,20,18,27,27,25,20,16,19,32,20,28,24,30,14,18
2014/9/16,豐原,RAINFALL,NR,NR,NR,NR,NR,NR,NR,NR,NR,NR,NR,NR,NR,NR,NR,NR,NR,NR,NR,NR,NR,NR,NR,NR
2014/9/16,豐原,RH,75,81,82,82,82,80,80,75,62,55,52,52,59,55,59,62,66,66,72,78,79,82,82,85
2014/9/16,豐原,SO2,2.5,1.6,1.7,1.7,1.8,2.1,1.9,2.5,4.1,3.2,3.4,4.2,12,5.9,4.8,5.1,5.1,5.6,5.4,4.8,4.4,4.2,4.8,4
2014/9/16,豐原,THC,1.7,1.7,1.7,1.7,1.7,1.7,1.9,1.9,1.7,1.7,1.8,1.8,1.8,1.7,1.7,1.7,1.7,1.7,1.8,1.9,1.8,1.7,1.7,1.7
2014/9/16,豐原,WD_HR,87,101,115,111,110,126,54,47,190,211,266,277,252,273,291,275,294,329,107,115,112,114,119,112
2014/9/16,豐原,WIND_DIREC,74,120,111,113,126,110,40,46,220,211,273,269,250,288,298,270,271,356,111,118,121,119,115,117
2014/9/16,豐原,WIND_SPEED,1.2,2,2.1,2.2,1.6,1.2,1.1,1,2.2,2,2.1,3.8,3,3.6,4.1,3,1.3,1.5,1.8,1.8,1.9,1.6,2.1,2
2014/9/16,豐原,WS_HR,1,1.6,2.1,1.7,1.7,1.5,1,0.9,1,1.7,1.3,2.2,2.6,3.3,3.6,3.1,1.8,0.8,1.3,1.5,1.4,1.8,1.7,1.9
2014/9/17,豐原,AMB_TEMP,26,26,26,25,25,25,25,27,29,30,31,31,31,31,31,30,31,29,29,28,27,27,27,27
2014/9/17,豐原,CH4,1.6,1.7,1.7,1.7,1.7,1.7,1.6,1.7,1.6,1.6,1.6,1.6,1.6,1.6,1.6,1.6,1.6,1.6,1.6,1.7,1.7,1.7,1.7,1.7
2014/9/17,豐原,CO,0.24,0.3,0.32,0.34,0.3,0.3,0.35,0.51,0.37,0.26,0.2,0.22,0.2,0.17,0.18,0.18,0.19,0.26,0.31,0.4,0.38,0.38,0.32,0.28
2014/9/17,豐原,NMHC,0.08,0.09,0.12,0.12,0.1,0.1,0.12,0.19,0.13,0.11,0.08,0.11,0.07,0.06,0.08,0.09,0.1,0.1,0.12,0.19,0.18,0.15,0.12,0.1
2014/9/17,豐原,NO,0.5,0.4,0.3,1.6,1.4,1.5,2.2,4.3,6.2,6.9,2.7,1.6,1.5,1.4,1.6,2,2.2,1.4,1.3,1.2,1.2,1.1,1.3,1.2
2014/9/17,豐原,NO2,7.4,8.3,8.9,10,8.7,8.4,8.4,11,13,16,11,8.2,6.6,5.5,5.2,10,11,8.1,9.8,12,11,11,9.2,7.7
2014/9/17,豐原,NOx,7.9,8.7,9.1,12,10,9.9,11,15,19,23,13,9.7,8.1,6.9,6.8,12,13,9.4,11,13,12,12,10,8.9
2014/9/17,豐原,O3,20,15,9.9,7.5,9.8,10,12,13,23,28,45,60,57,52,50,38,32,40,50,38,27,20,17,18
2014/9/17,豐原,PM10,31,27,39,43,41,29,26,46,45,55,39,72,57,59,55,60,60,49,61,70,74,73,65,72
2014/9/17,豐原,PM2.5,20,23,15,9,12,13,10,13,18,25,21,26,27,27,20,22,23,28,27,33,39,39,38,32
2014/9/17,豐原,RAINFALL,NR,NR,NR,NR,NR,NR,NR,NR,NR,NR,NR,NR,NR,NR,NR,NR,NR,NR,NR,NR,NR,NR,NR,NR
2014/9/17,豐原,RH,86,88,89,91,90,89,87,78,67,64,61,62,66,67,69,72,72,76,79,83,87,88,88,90
2014/9/17,豐原,SO2,4,2.6,2.5,2.5,2.3,2.2,2.1,2.2,3.6,9.2,5.2,2.9,2.8,2.5,2.8,3.4,5,2.6,2.8,2.4,2.2,2.2,2.1,2
2014/9/17,豐原,THC,1.7,1.8,1.8,1.8,1.8,1.8,1.8,1.9,1.8,1.7,1.7,1.7,1.7,1.7,1.7,1.7,1.7,1.7,1.8,1.8,1.8,1.8,1.8,1.8
2014/9/17,豐原,WD_HR,111,112,93,109,104,103,98,52,345,309,341,297,309,306,312,311,319,67,62,108,117,118,113,120
2014/9/17,豐原,WIND_DIREC,103,99,94,110,110,100,92,43,301,287,4.7,300,319,312,314,316,316,61,65,115,121,113,118,123
2014/9/17,豐原,WIND_SPEED,1.6,0.8,1.2,1.8,1.9,2,1.3,1,1,1.9,1.7,2.8,3.5,3.5,3.6,3,2.4,2,0.8,1.9,2,1.7,1.6,1.6
2014/9/17,豐原,WS_HR,1.6,1.2,1.1,1.5,1.6,1.9,1.5,0.8,0.5,1,0.9,2.2,2.9,2.6,3.3,3,1.3,0.9,1.1,1.1,1.8,1.5,1.3,1.6
2014/9/18,豐原,AMB_TEMP,27,26,26,26,26,26,26,27,29,30,31,33,33,33,33,33,32,31,30,29,28,28,28,27
2014/9/18,豐原,CH4,1.7,1.7,1.7,1.7,1.7,1.6,1.7,1.7,1.6,1.7,1.7,1.8,1.7,1.7,1.7,1.7,1.7,1.7,1.7,1.7,1.7,1.7,1.7,1.7
2014/9/18,豐原,CO,0.26,0.27,0.3,0.29,0.24,0.21,0.41,0.56,0.29,0.33,0.47,4.11,2.67,2.25,1.5,0.66,0.39,0.47,0.48,0.5,0.4,0.39,0.42,0.37
2014/9/18,豐原,NMHC,0.1,0.11,0.12,0.12,0.1,0.07,0.17,0.24,0.12,0.17,0.27,0.5,0.28,0.39,0.36,0.19,0.24,0.32,0.37,0.5,0.23,0.14,0.2,0.16
2014/9/18,豐原,NO,1.1,1,1.2,1.5,1.4,1.3,3.4,11,3.6,2.8,2.5,1.7,1.6,1.5,1.6,1.4,1.4,1.5,1.4,1.3,1.5,1.2,1.6,1.5
2014/9/18,豐原,NO2,6.7,6.6,6.9,6.6,6.1,4.5,11,14,6.5,12,14,16,12,12,11,9.9,11,14,15,15,12,10,9.6,9
2014/9/18,豐原,NOx,7.8,7.6,8,8,7.5,5.8,15,25,10,15,16,17,14,14,13,11,12,16,16,16,13,11,11,11
2014/9/18,豐原,O3,17,13,11,9.9,14,18,9.4,8.4,28,43,76,106,104,102,95,90,85,82,68,46,50,50,44,34
2014/9/18,豐原,PM10,59,60,38,37,30,28,26,30,48,61,83,87,108,123,126,118,95,85,80,74,70,70,67,57
2014/9/18,豐原,PM2.5,34,26,25,17,22,17,22,20,25,19,31,38,58,66,73,72,61,45,26,30,27,35,32,31
2014/9/18,豐原,RAINFALL,NR,NR,NR,NR,NR,NR,NR,NR,NR,NR,NR,NR,NR,NR,NR,NR,NR,NR,NR,NR,NR,NR,NR,NR
2014/9/18,豐原,RH,91,92,92,92,90,85,83,77,64,63,60,56,54,55,57,56,62,67,73,80,80,81,82,86
2014/9/18,豐原,SO2,2,1.5,1.6,1.5,1.7,1.6,1.5,1.7,1.8,4.6,4.2,7,5.6,6.6,7.9,3.3,3.3,3.9,3.3,2.6,2.4,2.2,2.7,2
2014/9/18,豐原,THC,1.8,1.8,1.8,1.8,1.8,1.7,1.8,1.9,1.7,1.8,2,2.2,2,2.1,2.1,1.9,1.9,2,2.1,2.2,1.9,1.8,1.9,1.9
2014/9/18,豐原,WD_HR,118,111,111,107,99,81,43,31,321,282,215,200,206,209,202,206,289,337,74,118,124,116,114,120
2014/9/18,豐原,WIND_DIREC,109,101,101,76,89,53,50,51,285,283,189,203,205,216,210,217,304,330,101,124,127,118,122,116
2014/9/18,豐原,WIND_SPEED,1,1.1,1.3,0.9,1.9,1,0.9,1.7,1.7,2.1,3.3,4.6,3.9,3.8,4,1.3,2.1,1.7,1,2,1.8,2,1.3,2.2
2014/9/18,豐原,WS_HR,1.6,1.4,1.6,1.3,1.5,1.4,0.5,0.7,1,1.3,1.9,3.4,3.4,3.6,3.3,2.2,1.1,0.9,0.9,1.8,2,1.7,1.2,1.8
2014/9/19,豐原,AMB_TEMP,27,26,26,26,26,26,26,27,29,30,31,31,33,33,32,31,31,30,29,28,28,27,27,27
2014/9/19,豐原,CH4,1.7,1.7,1.7,1.8,1.8,1.8,1.8,1.7,1.7,1.7,1.7,1.7,1.7,1.7,1.7,1.7,1.7,1.7,1.7,1.7,1.7,1.7,1.7,1.7
2014/9/19,豐原,CO,0.32,0.29,0.28,0.32,0.35,0.39,0.42,0.55,0.39,0.36,0.34,0.38,0.45,0.52,0.38,0.34,0.39,0.51,0.51,0.55,0.5,0.48,0.43,0.42
2014/9/19,豐原,NMHC,0.13,0.11,0.1,0.15,0.2,0.19,0.18,0.19,0.23,0.21,0.16,0.18,0.2,0.23,0.2,0.19,0.17,0.2,0.22,0.23,0.19,0.14,0.11,0.11
2014/9/19,豐原,NO,1.3,1.2,1.2,1.5,1.6,1.5,2.4,4.8,3.5,3.4,2.8,1.8,1.3,1.5,1.5,1.4,1.9,3.2,1.6,1.6,1.7,1.5,1.6,1.5
2014/9/19,豐原,NO2,7.2,6,5.6,6.2,7.4,9.2,9.1,10,10,14,15,11,8.8,11,9.1,8.4,10,17,15,15,14,11,9.3,7.5
2014/9/19,豐原,NOx,8.5,7.2,6.8,7.7,9,11,11,15,14,17,18,12,10,13,11,9.9,12,20,16,17,15,13,11,8.9
2014/9/19,豐原,O3,36,35,29,27,22,13,14,15,32,44,62,85,107,124,98,82,75,64,56,39,33,35,34,35
2014/9/19,豐原,PM10,45,39,64,62,95,65,65,31,46,63,71,81,77,89,81,110,79,86,55,81,72,73,55,58
2014/9/19,豐原,PM2.5,31,27,29,32,32,35,32,29,30,37,47,48,46,48,56,48,43,38,40,38,41,36,36,32
2014/9/19,豐原,RAINFALL,NR,NR,NR,NR,NR,NR,NR,NR,NR,NR,NR,NR,NR,NR,NR,NR,NR,NR,NR,NR,NR,NR,NR,NR
2014/9/19,豐原,RH,86,88,90,90,90,90,89,78,67,69,67,60,56,54,61,67,68,70,74,80,83,84,86,86
2014/9/19,豐原,SO2,2.1,2.9,2.9,3,3.7,2.8,2.6,2.5,3.7,6.4,5.8,5.9,3.6,4.5,4.1,4.2,4.9,5.5,5.1,4.2,4.3,3.9,3.7,3.7
2014/9/19,豐原,THC,1.8,1.8,1.8,1.9,2,2,1.9,1.9,1.9,1.9,1.9,1.9,1.9,2,1.9,1.9,1.9,1.9,1.9,1.9,1.9,1.8,1.8,1.8
2014/9/19,豐原,WD_HR,111,111,117,118,95,98,95,75,359,342,296,213,203,242,276,289,281,285,321,112,117,116,112,114
2014/9/19,豐原,WIND_DIREC,118,119,117,134,101,116,46,64,342,343,224,358,180,311,281,291,282,297,105,107,120,108,100,110
2014/9/19,豐原,WIND_SPEED,2.1,2,2.1,1.5,1.4,1.9,1.5,1,1.2,2.3,1.4,1.3,2.9,2.7,2.6,2.6,2.3,1.5,1.5,1.3,2.5,1.7,2.1,2.2
2014/9/19,豐原,WS_HR,1.6,2,2,1.5,0.8,1.1,1.3,0.8,0.6,0.9,1.2,0.7,1.9,1.7,2.1,2.4,2.3,1.8,0.6,1.6,1.8,2.1,2,1.9
2014/9/20,豐原,AMB_TEMP,27,27,26,26,26,26,26,28,28,29,30,30,30,31,31,30,30,28,28,28,27,26,26,26
2014/9/20,豐原,CH4,1.7,1.8,1.8,1.8,1.8,1.8,1.8,1.8,1.7,1.7,1.7,1.7,1.6,1.6,1.6,1.6,1.6,1.6,1.6,1.6,1.6,1.6,1.6,1.7
2014/9/20,豐原,CO,0.46,0.49,0.47,0.45,0.53,0.55,0.55,0.6,0.45,0.39,0.29,0.28,0.21,0.18,0.18,0.17,0.19,0.22,0.24,0.22,0.23,0.28,0.24,0.23
2014/9/20,豐原,NMHC,0.15,0.22,0.13,0.13,0.19,0.19,0.2,0.25,0.17,0.19,0.14,0.08,0.07,0.05,0.09,0.07,0.12,0.13,0.12,0.09,0.1,0.1,0.07,0.08
2014/9/20,豐原,NO,1.1,1.4,1.6,0.7,0.7,1.1,1.4,3.2,8.5,3.5,2.8,1.3,1,1.3,1.2,0.9,0.7,1.1,0.9,1,0.7,1.1,0.9,0.6
2014/9/20,豐原,NO2,7.3,9.3,7.5,13,18,16,13,16,27,17,12,7.8,6.1,5.8,6.4,3.5,5.1,8.1,11,10,11,8.7,7.7,7.6
2014/9/20,豐原,NOx,8.4,11,9.1,14,19,17,14,19,35,20,15,9.2,7,7.1,7.5,4.4,5.7,9.2,12,11,11,9.8,8.5,8.2
2014/9/20,豐原,O3,34,20,22,16,9.2,11,18,23,21,29,45,61,50,49,48,49,38,24,18,17,13,26,23,18
2014/9/20,豐原,PM10,58,68,66,64,71,82,79,74,67,70,68,60,47,47,58,85,76,77,63,73,58,42,25,10
2014/9/20,豐原,PM2.5,41,41,33,37,31,44,33,40,35,39,39,34,34,21,20,20,24,24,17,18,13,17,9,4
2014/9/20,豐原,RAINFALL,NR,NR,NR,NR,NR,NR,NR,NR,NR,NR,NR,NR,NR,NR,NR,NR,NR,NR,NR,NR,NR,0.2,NR,NR
2014/9/20,豐原,RH,86,89,90,91,91,91,86,77,74,74,67,65,69,66,68,70,75,82,85,86,86,90,91,89
2014/9/20,豐原,SO2,3.6,2.3,2.4,3.8,4.4,3.1,2.3,6.9,16,7.3,6.3,4.1,3.4,3.1,3.5,1.5,2,2.5,2.7,2.5,3.2,9.2,3,1.9
2014/9/20,豐原,THC,1.9,2,1.9,1.9,2,2,2,2,1.9,1.9,1.8,1.8,1.7,1.7,1.7,1.7,1.7,1.8,1.7,1.7,1.7,1.7,1.7,1.7
2014/9/20,豐原,WD_HR,98,90,115,111,102,94,98,169,333,312,342,336,311,312,316,313,10,302,326,51,328,189,105,72
2014/9/20,豐原,WIND_DIREC,38,118,103,112,90,88,56,329,310,309,64,306,311,318,79,306,93,260,323,338,309,163,71,55
2014/9/20,豐原,WIND_SPEED,0.7,1.8,1.7,1.5,1.1,1,1.4,0.9,2.4,2.2,1.9,2.6,3.6,3.1,3,3.2,2.8,2.4,1.8,1.5,1.8,1.2,1.1,0.7
2014/9/20,豐原,WS_HR,1.4,1.1,1.7,1.6,1.2,1.1,1.2,0.1,0.8,2,1,1,2.9,2.5,1.8,1.3,0.3,0.2,0.6,0.7,0.8,3.4,1,0.7
2014/10/1,豐原,AMB_TEMP,25,25,25,25,26,25,25,26,28,30,30,30,32,33,33,31,30,28,26,26,25,25,24,24
2014/10/1,豐原,CH4,1.7,1.7,1.7,1.8,1.8,1.8,1.8,1.8,1.8,1.8,1.8,1.8,1.7,1.7,1.7,1.7,1.7,1.7,1.7,1.7,1.7,1.7,1.7,1.7
2014/10/1,豐原,CO,0.24,0.26,0.27,0.3,0.36,0.41,0.57,0.6,0.46,0.4,0.4,0.36,0.32,0.32,0.31,0.29,0.31,0.38,0.35,0.33,0.35,0.33,0.33,0.32
2014/10/1,豐原,NMHC,0.07,0.09,0.11,0.11,0.13,0.15,0.2,0.19,0.16,0.14,0.18,0.11,0.06,0.1,0.08,0.09,0.11,0.13,0.09,0.07,0.08,0.09,0.08,0.07
2014/10/1,豐原,NO,0.5,0.4,0.5,0.9,1,1.3,2,3.6,2.8,4.8,3,1.6,1.2,1,0.9,1,1,1.2,1.1,1,1.1,1.2,1.1,0.9
2014/10/1,豐原,NO2,7.7,7.4,7.3,6.4,8.5,10,12,13,13,19,17,9.7,4,4.1,4.4,4.2,4.6,8.3,10,8.2,8.4,8.7,8.6,6.9
2014/10/1,豐原,NOx,8.2,7.8,7.8,7.3,9.5,11,15,16,16,23,20,11,5.2,5.1,5.2,5.1,5.7,9.4,11,9.2,9.4,9.9,9.7,7.7
2014/10/1,豐原,O3,19,15,15,18,16,13,13,16,26,32,50,57,60,60,61,56,53,43,36,34,29,25,22,21
2014/10/1,豐原,PM10,41,47,35,41,46,67,65,68,64,74,53,61,35,54,51,60,50,44,53,39,39,26,47,43
2014/10/1,豐原,PM2.5,12,15,18,26,31,35,32,34,33,42,37,38,39,31,30,17,25,23,29,30,22,17,8,12
2014/10/1,豐原,RAINFALL,NR,NR,NR,NR,NR,NR,NR,NR,NR,NR,NR,NR,NR,NR,NR,NR,NR,NR,NR,NR,NR,NR,NR,NR
2014/10/1,豐原,RH,87,87,87,87,87,88,88,82,66,58,57,57,51,46,47,52,58,66,72,76,79,81,83,84
2014/10/1,豐原,SO2,2.1,2.1,2,2.3,2.9,2.5,2.7,3,5.8,11,8.3,3.6,1.3,1,1,1,2,2.9,3.2,3.1,2.9,2.7,2.6,2.3
2014/10/1,豐原,THC,1.8,1.8,1.9,1.9,1.9,2,2,2,1.9,1.9,1.9,1.9,1.8,1.8,1.8,1.8,1.8,1.9,1.8,1.8,1.8,1.8,1.8,1.8
2014/10/1,豐原,WD_HR,94,102,59,82,71,80,97,43,328,308,302,312,32,324,301,97,76,82,67,66,61,54,56,90
2014/10/1,豐原,WIND_DIREC,72,100,68,108,51,36,114,41,314,303,298,30,4.8,315,252,94,84,16,55,57,52,49,60,108
2014/10/1,豐原,WIND_SPEED,1.1,1.4,1.1,1.3,0.9,0.7,0.9,1,1.5,2.2,3,2.7,2.7,3.7,3.3,2.7,1.9,1.7,1.8,1.6,1.2,1.1,1.2,0.9
2014/10/1,豐原,WS_HR,1.8,1.2,0.9,0.7,0.5,0.8,0.8,0.7,0.8,1.2,2,1.8,0.8,1.2,1.3,1.1,1.4,0.5,0.9,1,0.7,0.6,0.9,0.9
2014/10/2,豐原,AMB_TEMP,24,24,23,23,23,23,23,25,28,31,32,33,32,32,32,31,30,28,27,26,25,25,25,25
2014/10/2,豐原,CH4,1.7,1.7,1.7,1.8,1.7,1.8,1.8,1.8,1.8,1.7,1.7,1.7,1.7,1.7,1.7,1.7,1.8,1.8,1.8,1.8,1.8,1.8,1.8,1.7
2014/10/2,豐原,CO,0.31,0.29,0.27,0.27,0.27,0.33,0.5,0.73,0.49,0.29,0.27,0.3,0.31,0.31,0.31,0.32,0.34,0.41,0.42,0.46,0.42,0.34,0.32,0.31
2014/10/2,豐原,NMHC,0.08,0.07,0.05,0.06,0.05,0.09,0.16,0.23,0.16,0.09,0.11,0.16,0.09,0.1,0.13,0.22,0.21,0.21,0.19,0.31,0.21,0.09,0.17,0.06
2014/10/2,豐原,NO,0.9,1,0.8,1,0.7,1.1,1.9,11,6.1,1.4,1.2,0.9,1,0.7,0.8,1,0.7,0.9,0.8,0.9,0.7,0.9,0.7,0.7
2014/10/2,豐原,NO2,6.6,5.7,4.8,5.1,4.5,7.6,9,17,14,6.3,4.7,4.6,6.2,6.1,7.2,8.3,9.4,12,15,15,12,8.9,6.7,5.8
2014/10/2,豐原,NOx,7.6,6.7,5.6,6.2,5.3,8.7,11,28,20,7.8,5.9,5.5,7.1,6.8,7.9,9.3,10,13,15,16,12,9.8,7.4,6.6
2014/10/2,豐原,O3,15,13,13,13,14,10,11,9.7,20,37,41,54,69,78,81,77,72,60,48,40,36,38,35,38
2014/10/2,豐原,PM10,43,22,11,6,21,35,47,56,44,53,46,44,30,14,36,49,76,52,44,23,43,51,56,36
2014/10/2,豐原,PM2.5,7,11,17,18,20,10,9,9,16,16,18,20,27,27,21,25,21,22,23,21,19,15,19,17
2014/10/2,豐原,RAINFALL,NR,NR,NR,NR,NR,NR,NR,NR,NR,NR,NR,NR,NR,NR,NR,NR,NR,NR,NR,NR,NR,NR,NR,NR
2014/10/2,豐原,RH,86,87,89,89,89,89,89,80,62,52,47,45,48,47,51,53,58,65,71,73,74,76,75,78
2014/10/2,豐原,SO2,2.4,1.2,1.1,1.2,1.4,1.4,1.5,3.1,4.1,2.2,1.3,0.4,0.8,0.8,1,1.4,2,2.7,2.7,2.3,2.1,2.2,2.3,1.9
2014/10/2,豐原,THC,1.8,1.8,1.8,1.8,1.8,1.8,1.9,2,1.9,1.8,1.8,1.9,1.8,1.8,1.9,2,2,2,2,2.1,2,1.8,1.9,1.8
2014/10/2,豐原,WD_HR,93,106,112,95,108,94,97,6.4,319,324,314,336,315,305,311,300,285,85,66,55,62,78,87,99
2014/10/2,豐原,WIND_DIREC,95,106,81,107,93,89,85,265,13,325,312,311,292,317,330,259,257,69,66,45,67,92,66,104
2014/10/2,豐原,WIND_SPEED,1,1.2,1.1,1.3,1.1,0.8,1.1,1.1,1.5,1.8,2.6,4.7,4.4,3.4,3.3,3.5,2.9,2.1,1.3,1.6,1.9,3.3,1.2,2.3
2014/10/2,豐原,WS_HR,0.8,1.2,1.7,0.9,1.9,0.8,1.2,0.3,1.1,1.1,1.4,1,0.8,0.9,2.3,1.3,0.6,0.9,1.1,1,1.1,2.8,1.3,2.8
2014/10/3,豐原,AMB_TEMP,24,24,23,23,23,22,22,25,26,30,31,31,32,32,31,30,28,27,25,25,25,24,23,23
2014/10/3,豐原,CH4,1.8,1.8,1.7,1.8,1.8,1.8,1.7,1.7,1.7,1.7,1.7,1.7,1.7,1.7,1.7,1.7,1.7,1.7,1.7,1.7,1.7,1.7,1.7,1.7
2014/10/3,豐原,CO,0.32,0.33,0.31,0.3,0.32,0.3,0.31,0.3,0.29,0.27,0.27,0.27,0.28,0.3,0.34,0.37,0.36,0.39,0.37,0.34,0.33,0.32,0.29,0.27
2014/10/3,豐原,NMHC,0.16,0.15,0.11,0.13,0.17,0.17,0.09,0.07,0.07,0.06,0.08,0.09,0.07,0.07,0.09,0.09,0.08,0.12,0.08,0.07,0.07,0.05,0.03,0.02
2014/10/3,豐原,NO,0.7,0.9,0.4,1,0.8,0.9,1,1.5,1.4,1.1,1.2,0.9,0.8,0.9,0.8,0.9,0.9,1,0.8,0.5,0.7,0.7,0.5,0.7
2014/10/3,豐原,NO2,5.9,7,7,6.5,7.6,8.1,8.3,6.1,6.1,5.4,6.7,5.1,4.5,4.7,4.5,4.7,5.3,7.6,8.6,7.8,6.3,6.4,4.9,4.1
2014/10/3,豐原,NOx,6.6,7.9,7.5,7.5,8.5,9,9.3,7.5,7.5,6.5,8,6,5.3,5.5,5.3,5.6,6.2,8.5,9.4,8.4,7,7.1,5.4,4.9
2014/10/3,豐原,O3,29,21,18,18,15,15,24,29,33,44,51,58,63,67,64,66,65,55,50,52,53,53,58,58
2014/10/3,豐原,PM10,14,21,36,33,33,19,26,16,39,47,39,51,63,86,50,45,52,52,38,38,53,68,44,48
2014/10/3,豐原,PM2.5,19,16,20,14,8,6,4,6,7,12,18,21,22,19,24,28,24,24,17,27,20,25,23,25
2014/10/3,豐原,RAINFALL,NR,NR,NR,NR,NR,NR,NR,NR,NR,NR,NR,NR,NR,NR,NR,NR,NR,NR,NR,NR,NR,NR,NR,NR
2014/10/3,豐原,RH,79,83,86,88,89,86,76,63,57,46,41,39,38,37,40,43,47,54,58,55,48,53,57,58
2014/10/3,豐原,SO2,1.3,2.2,2,1.9,1.8,1.7,1.7,1.7,1.9,1.8,2.4,1,1.1,0.9,0.7,0.9,1.5,1.9,1.9,1.9,2,2,1.8,1.6
2014/10/3,豐原,THC,1.9,1.9,1.8,1.9,2,1.9,1.8,1.8,1.8,1.8,1.8,1.8,1.8,1.8,1.8,1.8,1.8,1.8,1.8,1.8,1.8,1.8,1.7,1.7
2014/10/3,豐原,WD_HR,67,90,109,106,58,45,65,59,50,49,308,311,73,40,97,97,97,98,76,68,76,55,56,58
2014/10/3,豐原,WIND_DIREC,81,57,82,73,34,62,66,48,13,219,299,301,342,76,105,80,95,95,68,70,83,57,56,57
2014/10/3,豐原,WIND_SPEED,1.2,1.7,1.5,1,1.1,1.8,1.6,2.3,1.9,1.2,2.4,4,3,3.9,3.3,4.7,3.3,3.1,3.6,3.2,2.1,5.1,5.9,4.3
2014/10/3,豐原,WS_HR,0.9,0.7,1.3,1.2,0.4,1,1.2,1.6,1,0.7,1.3,2.2,0.8,0.2,1.4,1.9,2,1.4,1.8,2.2,1.3,3.3,5.5,4.6
2014/10/4,豐原,AMB_TEMP,23,22,22,22,21,21,21,22,24,27,29,29,29,30,29,28,26,24,23,22,22,22,22,23
2014/10/4,豐原,CH4,1.7,1.7,1.7,1.7,1.7,1.7,1.7,1.7,1.7,1.7,1.7,1.7,1.7,1.7,1.7,1.7,1.7,1.7,1.7,1.7,1.7,1.7,1.7,1.7
2014/10/4,豐原,CO,0.25,0.24,0.24,0.26,0.29,0.28,0.24,0.23,0.21,0.2,0.19,0.18,0.19,0.19,0.19,0.19,0.21,0.23,0.27,0.27,0.21,0.19,0.17,0.15
2014/10/4,豐原,NMHC,0.01,0.01,0.02,0.02,0.03,0.02,0.02,0.02,0.03,0.07,0.06,0.06,0.06,0.09,0.09,0.07,0.08,0.08,0.09,0.08,0.05,0.04,0.04,0.02
2014/10/4,豐原,NO,0.6,0.5,0.7,1.2,0.9,0.8,1.1,1,0.9,1.2,0.8,0.9,1,0.9,0.9,1,0.9,1.1,0.9,0.9,0.9,0.9,0.7,0.8
2014/10/4,豐原,NO2,4.1,3.8,3.7,2.5,3.7,4.2,3.9,4.2,4.2,4.7,4.8,4.1,4.3,4.8,5.4,5.4,5.9,8,9.6,10,7.1,6,5,3.7
2014/10/4,豐原,NOx,4.7,4.3,4.4,3.7,4.6,5,5,5.2,5.1,5.9,5.7,5,5.2,5.7,6.3,6.4,6.8,9.1,10,11,8,6.8,5.6,4.5
2014/10/4,豐原,O3,56,55,56,59,57,56,52,49,49,50,54,55,60,64,65,61,55,49,44,41,44,45,47,49
2014/10/4,豐原,PM10,45,64,72,69,74,56,62,39,44,36,28,39,28,51,30,42,35,44,62,46,55,21,33,27
2014/10/4,豐原,PM2.5,24,28,25,22,20,25,31,30,24,19,18,13,8,6,11,11,9,15,17,22,18,28,18,11
2014/10/4,豐原,RAINFALL,NR,NR,NR,NR,NR,NR,NR,NR,NR,NR,NR,NR,NR,NR,NR,NR,NR,NR,NR,NR,NR,NR,NR,NR
2014/10/4,豐原,RH,59,58,55,53,58,63,62,57,46,39,37,36,37,36,38,42,50,58,63,64,62,60,55,52
2014/10/4,豐原,SO2,1.6,1.6,1.6,1.7,1.8,1.7,1.6,1.6,1.6,1.7,1.2,0.7,0.8,0.8,0.9,0.9,1.6,2,2,1.9,1.7,1.6,1.6,1.5
2014/10/4,豐原,THC,1.7,1.7,1.7,1.7,1.8,1.7,1.7,1.7,1.7,1.8,1.8,1.8,1.8,1.8,1.8,1.8,1.8,1.8,1.8,1.8,1.8,1.7,1.7,1.7
2014/10/4,豐原,WD_HR,59,59,57,56,59,55,60,59,56,349,15,51,63,100,99,87,78,83,61,56,54,54,57,56
2014/10/4,豐原,WIND_DIREC,60,60,61,56,49,57,79,54,59,66,76,299,99,93,92,95,90,69,66,54,54,56,59,60
2014/10/4,豐原,WIND_SPEED,3.7,3.5,3.2,3.2,2,3,2.7,3.6,2.8,2.7,2.8,3.7,3.4,3.3,3.6,3.5,3,2.7,2,2,2,2.2,2.9,3.1
2014/10/4,豐原,WS_HR,3.7,3,3,3.1,1.8,3.1,3.3,2.9,3,0.6,0.4,1.1,1,0.5,0.8,1.5,1.6,1.4,1,1.5,2.1,2.2,2.9,2.4
2014/10/5,豐原,AMB_TEMP,23,22,22,22,22,22,22,23,24,27,29,29,30,30,29,28,27,25,24,23,22,22,22,22
2014/10/5,豐原,CH4,1.7,1.7,1.7,1.7,1.7,1.7,1.7,1.7,1.7,1.7,1.7,1.7,1.7,1.7,1.7,1.7,1.7,1.7,1.7,1.7,1.7,1.7,1.7,1.7
2014/10/5,豐原,CO,0.16,0.17,0.18,0.19,0.19,0.2,0.2,0.21,0.21,0.2,0.19,0.19,0.21,0.19,0.19,0.2,0.22,0.23,0.29,0.3,0.26,0.23,0.22,0.21
2014/10/5,豐原,NMHC,0.01,0.01,0.01,0.01,0.02,0.02,0.02,0.02,0.03,0.04,0.04,0.04,0.04,0.04,0.04,0.05,0.04,0.04,0.06,0.07,0.04,0.02,0.02,0.02
2014/10/5,豐原,NO,0.9,0.9,0.6,0.3,0.2,0.4,0.1,0.2,0.4,0.3,0.7,0.3,0.2,0.3,0.4,0.2,0.4,0.3,0.1,0.1,0.5,0.2,0.1,0.5
2014/10/5,豐原,NO2,3.6,3.7,4,3.4,3.9,4.3,4.7,4.6,4.7,4.6,4.4,4.1,4.1,4.3,4.2,4.5,4.8,5.9,9.1,10,7.7,5.2,4.7,4.2
2014/10/5,豐原,NOx,4.4,4.6,4.6,3.7,4.1,4.6,4.7,4.8,5.1,4.9,5.1,4.5,4.3,4.6,4.6,4.7,5.2,6.2,9.3,10,8.2,5.4,4.8,4.6
2014/10/5,豐原,O3,50,51,51,51,48,48,47,46,47,50,54,55,58,60,58,57,56,52,46,42,47,52,52,50
2014/10/5,豐原,PM10,37,47,31,30,17,39,31,30,31,47,54,57,50,65,43,63,43,65,43,48,41,39,46,32
2014/10/5,豐原,PM2.5,9,9,9,0,6,7,8,3,2,1,8,11,19,13,13,6,7,16,23,21,17,18,22,25
2014/10/5,豐原,RAINFALL,NR,NR,NR,NR,NR,NR,NR,NR,NR,NR,NR,NR,NR,NR,NR,NR,NR,NR,NR,NR,NR,NR,NR,NR
2014/10/5,豐原,RH,53,57,59,59,63,65,68,63,57,46,40,38,35,37,39,45,47,54,62,65,66,65,65,63
2014/10/5,豐原,SO2,1.9,1.1,1,1.1,1.2,1.3,1.4,1.4,1.4,1.2,1.3,0.5,0.5,0.6,0.5,0.6,1,1.4,1.6,1.5,1.4,1.3,1.2,1
2014/10/5,豐原,THC,1.7,1.7,1.7,1.7,1.7,1.7,1.7,1.7,1.7,1.7,1.7,1.7,1.7,1.7,1.7,1.7,1.7,1.8,1.8,1.8,1.8,1.7,1.7,1.7
2014/10/5,豐原,WD_HR,56,58,57,58,59,57,58,58,58,62,43,75,33,93,93,78,78,90,75,58,55,58,64,72
2014/10/5,豐原,WIND_DIREC,53,58,56,57,61,56,61,59,65,94,63,100,23,96,96,77,95,81,66,69,54,62,82,70
2014/10/5,豐原,WIND_SPEED,4.5,4.3,2.9,3.9,3.4,2.9,3.2,3.5,2.7,2.9,2.9,2.5,3.8,2.6,4.2,3.6,3.1,2.9,2,1.5,4.7,3.4,2.5,2.9
2014/10/5,豐原,WS_HR,3.3,4.6,3.5,3.6,3.3,2.4,3.6,3.4,2.8,1.2,0.8,0.6,0.6,0.9,1.6,2,1.9,1.6,1.1,1,2.6,3.2,2.7,2.2
2014/10/6,豐原,AMB_TEMP,22,21,21,21,21,20,21,23,25,28,30,31,31,31,30,29,27,24,23,22,22,22,21,21
2014/10/6,豐原,CH4,1.7,1.7,1.7,1.7,1.7,1.7,1.7,1.7,1.7,1.7,1.7,1.7,1.7,1.7,1.7,1.7,1.7,1.7,1.7,1.7,1.7,1.7,1.7,1.7
2014/10/6,豐原,CO,0.21,0.21,0.2,0.2,0.19,0.2,0.26,0.3,0.27,0.28,0.28,0.28,0.26,0.27,0.27,0.29,0.3,0.36,0.33,0.26,0.25,0.24,0.23,0.23
2014/10/6,豐原,NMHC,0.03,0.04,0.02,0.03,0.03,0.05,0.07,0.07,0.04,0.08,0.06,0.07,0.06,0.09,0.09,0.12,0.12,0.13,0.1,0.04,0.03,0.02,0.02,0.02
2014/10/6,豐原,NO,0.3,0.5,0.3,1.2,1,1.2,1.4,2,1.6,1.2,1.1,1.1,1.1,1.2,1.5,1.6,1.4,1.3,1.1,1.3,1.2,1.1,1.2,1.2
2014/10/6,豐原,NO2,4,3.9,3.7,4.3,4.4,5.5,8.9,8.2,6.4,5.9,5.8,5.3,5,5.2,5.6,6.5,7.3,11,8.9,5.5,4.9,4.3,4.3,4.4
2014/10/6,豐原,NOx,4.4,4.4,4,5.5,5.4,6.7,10,10,8,7.1,6.9,6.4,6.1,6.4,7.2,8,8.7,12,10,6.8,6.1,5.4,5.5,5.5
2014/10/6,豐原,O3,47,48,51,47,47,38,34,41,50,56,62,61,59,57,59,59,58,52,51,53,54,56,54,52
2014/10/6,豐原,PM10,46,40,45,33,44,39,46,44,65,69,82,62,61,57,81,98,81,81,68,82,66,52,33,32
2014/10/6,豐原,PM2.5,25,27,23,15,17,16,25,22,24,27,27,35,26,26,26,32,37,32,36,26,31,25,36,33
2014/10/6,豐原,RAINFALL,NR,NR,NR,NR,NR,NR,NR,NR,NR,NR,NR,NR,NR,NR,NR,NR,NR,NR,NR,NR,NR,NR,NR,NR
2014/10/6,豐原,RH,62,62,62,63,64,66,65,56,49,43,39,34,33,35,36,38,43,49,55,55,54,55,57,57
2014/10/6,豐原,SO2,0.5,1.2,1.2,1.2,1.2,1.6,1.3,1.3,1.4,1.4,1.5,0.7,0.6,0.8,1.1,1.5,2.1,2.3,1.9,1.6,1.5,1.6,1.5,1.3
2014/10/6,豐原,THC,1.7,1.8,1.7,1.8,1.7,1.8,1.8,1.8,1.8,1.8,1.8,1.8,1.8,1.8,1.8,1.8,1.8,1.9,1.8,1.8,1.7,1.7,1.7,1.7
2014/10/6,豐原,WD_HR,52,65,64,54,55,64,29,56,59,57,35,17,71,104,99,82,72,64,62,55,55,57,77,92
2014/10/6,豐原,WIND_DIREC,28,83,65,332,61,29,61,56,55,58,330,7.5,306,110,73,63,67,62,55,55,54,60,80,65
2014/10/6,豐原,WIND_SPEED,1.9,2,2.1,1.9,2,1.8,1.8,2.3,2.7,2.5,2.5,2.2,3.1,2.9,3,2.9,2.8,2.5,2.3,3.5,4,3,2.4,1.9
2014/10/6,豐原,WS_HR,1,1.2,1.2,1.4,1.3,1.4,0.6,1.3,2.2,0.9,0.7,0.7,0.5,0.8,1.1,0.9,1.6,1.9,1.7,3.3,3.3,2.7,2.8,2
2014/10/7,豐原,AMB_TEMP,21,20,20,20,20,20,20,21,24,27,29,30,30,30,29,28,27,25,23,22,22,21,21,21
2014/10/7,豐原,CH4,1.7,1.7,1.7,1.7,1.7,1.7,1.7,1.7,1.7,1.7,1.7,1.7,1.7,1.7,1.7,1.7,1.7,1.7,1.7,1.7,1.7,1.7,1.7,1.7
2014/10/7,豐原,CO,0.22,0.23,0.23,0.24,0.25,0.24,0.25,0.32,0.27,0.27,0.25,0.26,0.28,0.27,0.25,0.25,0.27,0.34,0.39,0.3,0.25,0.25,0.23,0.2
2014/10/7,豐原,NMHC,0.04,0.11,0.03,0.02,0.02,0.03,0.07,0.08,0.05,0.09,0.09,0.08,0.08,0.09,0.08,0.1,0.11,0.14,0.19,0.11,0.06,0.06,0.07,0.02
2014/10/7,豐原,NO,1,1.1,1.3,1.5,1.1,1,1,1.5,1.9,1.5,1.6,1.5,1.4,1.2,1.4,1.3,1.4,1.4,1.3,1.2,1.2,0.9,1.2,1.4
2014/10/7,豐原,NO2,3.8,4.4,4.8,4.3,4.4,4.2,5.8,8.3,5.8,6.9,6.9,6.9,6.2,6.2,5.8,5.5,6.2,9.6,12,9.5,7.1,6.3,5.9,4.3
2014/10/7,豐原,NOx,4.9,5.5,6,5.8,5.5,5.1,6.8,9.8,7.8,8.4,8.5,8.4,7.6,7.4,7.2,6.8,7.6,11,13,11,8.3,7.3,7.1,5.8
2014/10/7,豐原,O3,49,39,46,50,52,50,45,42,46,51,55,65,72,70,66,61,55,46,40,38,40,39,39,40
2014/10/7,豐原,PM10,49,38,43,33,33,38,29,47,29,40,42,43,37,50,42,54,25,39,30,34,36,26,29,20
2014/10/7,豐原,PM2.5,31,24,17,21,26,24,22,16,26,30,28,24,15,18,13,11,14,11,20,19,17,7,6,13
2014/10/7,豐原,RAINFALL,NR,NR,NR,NR,NR,NR,NR,NR,NR,NR,NR,NR,NR,NR,NR,NR,NR,NR,NR,NR,NR,NR,NR,NR
2014/10/7,豐原,RH,58,62,62,64,66,63,61,55,46,38,34,32,34,37,39,42,47,52,58,62,62,63,64,65
2014/10/7,豐原,SO2,1.1,1.4,1.5,1.5,1.6,1.6,1.5,1.6,1.6,2.3,2.3,1.7,1.5,1.1,0.9,0.9,2.3,2.3,1.7,1.8,1.6,1.7,1.6,1.4
2014/10/7,豐原,THC,1.8,1.8,1.7,1.7,1.7,1.7,1.8,1.8,1.7,1.8,1.8,1.8,1.8,1.8,1.8,1.8,1.8,1.8,1.9,1.8,1.8,1.8,1.8,1.7
2014/10/7,豐原,WD_HR,72,64,68,61,70,72,68,69,86,26,309,308,316,55,85,82,80,77,61,64,55,58,70,83
2014/10/7,豐原,WIND_DIREC,71,58,72,63,75,6.4,89,61,94,317,312,314,310,34,80,63,87,55,74,65,56,49,87,50
2014/10/7,豐原,WIND_SPEED,3,2,2.1,2.6,3.1,2,2.2,2.3,2.5,2,3.4,3,4,3.3,3.6,3.6,2.7,1.4,1.7,2.1,2,1.7,2.1,1.2
2014/10/7,豐原,WS_HR,1.9,1.2,1.3,2.1,2,1.5,1.2,1.4,1.5,0.5,2.3,1.9,1.1,0.8,1.2,1.3,1.6,1,0.8,1.2,1.6,1.2,1.4,1.8
2014/10/8,豐原,AMB_TEMP,20,21,21,20,19,19,20,22,25,29,30,31,31,31,31,30,28,26,24,23,22,22,22,22
2014/10/8,豐原,CH4,1.7,1.7,1.7,1.7,1.7,1.7,1.7,1.8,1.7,1.7,1.7,1.7,1.7,1.7,1.7,1.7,1.7,1.7,1.7,1.7,1.7,1.7,1.7,1.7
2014/10/8,豐原,CO,0.21,0.18,0.19,0.21,0.21,0.24,0.38,0.73,0.54,0.25,0.22,0.23,0.21,0.21,0.2,0.18,0.2,0.24,0.29,0.21,0.19,0.29,0.16,0.15
2014/10/8,豐原,NMHC,0.07,0.02,0.09,0.21,0.24,0.1,0.13,0.32,0.28,0.13,0.11,0.1,0.08,0.14,0.17,0.1,0.09,0.1,0.16,0.07,0.07,0.08,0.02,0.05
2014/10/8,豐原,NO,1.3,1.5,1.4,1.4,1.3,1.3,1.8,8.3,6.7,1.3,1.2,1.9,1.4,2,2.1,1.9,1.8,1.4,1.6,1.5,1.6,1.8,1.6,1.5
2014/10/8,豐原,NO2,4.7,3.7,3.6,6.5,6.7,6.4,12,22,18,6,6.5,5.6,5.6,7,6.4,4.4,5.3,7.4,11,6.8,5.5,8.2,4,3.1
2014/10/8,豐原,NOx,6,5.2,5,7.8,8,7.7,14,31,25,7.2,7.6,7.5,7,9,8.5,6.3,7.2,8.7,12,8.2,7.1,10,5.6,4.5
2014/10/8,豐原,O3,35,38,34,24,21,25,19,15,24,43,56,63,63,60,57,52,44,38,31,32,31,26,32,32
2014/10/8,豐原,PM10,19,15,12,17,14,17,15,23,41,38,48,52,52,56,56,33,53,58,71,58,41,47,34,33
2014/10/8,豐原,PM2.5,16,9,3,4,4,7,7,9,13,11,21,21,21,23,20,19,29,33,30,32,18,25,11,14
2014/10/8,豐原,RAINFALL,NR,NR,NR,NR,NR,NR,NR,NR,NR,NR,NR,NR,NR,NR,NR,NR,NR,NR,NR,NR,NR,NR,NR,NR
2014/10/8,豐原,RH,68,66,68,75,78,77,73,62,50,39,34,34,33,34,37,41,48,56,62,67,68,72,71,70
2014/10/8,豐原,SO2,2,1.5,1.6,1.6,1.8,1.7,2,2.7,2.6,1.9,1.8,2.5,1.6,2,2.3,1.7,2.3,2.7,2.7,2.5,2.4,2.7,2.5,2.3
2014/10/8,豐原,THC,1.8,1.7,1.8,1.9,2,1.8,1.9,2.1,2,1.8,1.8,1.8,1.8,1.8,1.9,1.8,1.8,1.8,1.9,1.7,1.7,1.8,1.7,1.7
2014/10/8,豐原,WD_HR,77,82,109,96,103,108,79,51,6.4,3.4,320,325,316,313,315,310,65,65,59,60,61,54,59,59
2014/10/8,豐原,WIND_DIREC,77,99,114,1.6,97,87,322,71,334,39,352,304,356,303,308,101,66,54,75,57,63,50,57,74
2014/10/8,豐原,WIND_SPEED,2,2.4,1,1.2,1.8,1.1,1,1.1,2.1,1.7,1.9,3.1,2.2,4.1,3.5,3.3,2.6,1.7,1.5,2.2,2,2,2.3,2
2014/10/8,豐原,WS_HR,1.7,2.3,1.3,0.5,1.4,1.6,0.8,0.7,0.6,0.6,1,1.3,1.4,2.4,2.1,0.7,1.6,1,0.8,1.4,1.4,1.3,2,1
2014/10/9,豐原,AMB_TEMP,21,21,21,21,20,19,20,22,26,28,31,32,33,32,32,31,29,27,25,24,24,24,24,24
2014/10/9,豐原,CH4,1.7,1.7,1.7,1.7,1.7,1.7,1.7,1.7,1.7,1.7,1.7,1.7,1.7,1.7,1.7,1.7,1.7,1.7,1.7,1.7,1.7,1.7,1.7,1.7
2014/10/9,豐原,CO,0.15,0.14,0.15,0.16,0.19,0.21,0.28,0.45,0.29,0.19,0.19,0.21,0.19,0.17,0.17,0.18,0.19,0.24,0.26,0.22,0.22,0.15,0.17,0.16
2014/10/9,豐原,NMHC,0.05,0.04,0.01,0.13,0.13,0.1,0.14,0.16,0.11,0.07,0.1,0.08,0.06,0.07,0.08,0.1,0.09,0.07,0.1,0.13,0.12,0.02,0.09,0.02
2014/10/9,豐原,NO,1.4,1.4,1.4,0.6,0.5,0.6,1.9,7,2.6,1.4,0.6,0.7,0.5,0.6,0.6,0.7,0.5,0.7,0.5,0.7,0.7,0.4,0.5,0.6
2014/10/9,豐原,NO2,3.5,2.8,2.6,3.4,4.6,7.2,9.8,14,8.2,4.8,4.3,4.2,3.7,3.3,3.5,3.5,4.2,6.6,9.2,7.9,6.7,4,4.8,4.2
2014/10/9,豐原,NOx,4.9,4.2,3.9,4,5.1,7.8,12,21,11,6.2,4.8,4.8,4.2,3.8,4.1,4.2,4.7,7.3,9.7,8.6,7.4,4.3,5.3,4.8
2014/10/9,豐原,O3,32,34,32,23,19,13,16,15,28,39,46,52,51,48,45,41,38,30,25,23,23,25,23,24
2014/10/9,豐原,PM10,24,25,18,15,14,24,12,27,27,32,24,30,42,34,34,29,29,20,20,20,19,13,24,17
2014/10/9,豐原,PM2.5,1,8,12,13,13,9,11,6,8,6,12,14,19,12,18,23,29,16,11,5,4,2,2,2
2014/10/9,豐原,RAINFALL,NR,NR,NR,NR,NR,NR,NR,NR,NR,NR,NR,NR,NR,NR,NR,NR,NR,NR,NR,NR,NR,NR,NR,NR
2014/10/9,豐原,RH,71,70,71,72,77,80,76,62,46,40,37,35,37,40,42,45,53,60,66,69,72,73,75,77
2014/10/9,豐原,SO2,2.5,2,2.1,2.1,2.1,2.2,2.3,2.3,2.3,2.2,1.5,1,1,0.8,1,1.1,2.1,2.4,2.5,2.4,2.4,2.3,2.2,2.2
2014/10/9,豐原,THC,1.7,1.7,1.7,1.8,1.8,1.8,1.9,1.9,1.8,1.8,1.8,1.8,1.7,1.7,1.8,1.8,1.8,1.7,1.8,1.8,1.8,1.7,1.7,1.7
2014/10/9,豐原,WD_HR,64,65,78,66,62,62,57,55,64,55,336,310,12,41,349,62,80,72,65,66,50,58,56,57
2014/10/9,豐原,WIND_DIREC,287,63,100,68,50,58,42,55,95,57,14,306,348,47,91,51,89,70,85,69,65,61,67,60
2014/10/9,豐原,WIND_SPEED,2,2.7,2.4,1.1,1.1,1.6,1.5,1.8,2.1,1.4,1.4,2.6,3,2.5,2.5,2.4,2,2.2,1.7,1.9,2.5,2.7,2.5,4.3
2014/10/9,豐原,WS_HR,0.8,1.5,1.8,0.7,0.9,0.9,0.9,1.2,1.1,1.2,0.7,1,0.6,0.5,0.4,1.3,1.1,1.2,1,0.8,1,2.2,1.4,3.7
2014/10/10,豐原,AMB_TEMP,24,24,24,23,23,23,23,25,28,29,31,30,29,28,29,28,27,26,25,25,25,24,24,24
2014/10/10,豐原,CH4,1.6,1.6,1.7,1.7,1.7,1.7,1.7,1.7,1.7,1.7,1.7,1.6,1.7,1.7,1.7,1.7,1.7,1.7,1.7,1.7,1.7,1.7,1.7,1.7
2014/10/10,豐原,CO,0.14,0.14,0.14,0.14,0.12,0.13,0.19,0.17,0.14,0.15,0.16,0.14,0.13,0.13,0.13,0.14,0.15,0.2,0.19,0.16,0.16,0.15,0.17,0.15
2014/10/10,豐原,NMHC,0.01,0.01,0.01,0.03,0.06,0.1,0.25,0.07,0.05,0.06,0.06,0.06,0.04,0.04,0.08,0.07,0.07,0.1,0.06,0.05,0.04,0.11,0.11,0.08
2014/10/10,豐原,NO,0.3,0.3,0.4,0.2,0.3,0.7,1,1.2,1.2,1.2,1.3,0.9,1,1,1.1,1,0.8,1,0.4,0.5,0.5,0.8,0.8,0.6
2014/10/10,豐原,NO2,3.4,2.9,2.7,2.8,3,3.8,6.3,4.6,3.8,4,4.3,4,3.8,3.5,3.2,3.2,3.6,5.9,6.5,5,4.7,4.8,5.1,4.8
2014/10/10,豐原,NOx,3.6,3.2,3.1,3,3.3,4.4,7.2,5.8,4.9,5.2,5.7,4.9,4.8,4.5,4.3,4.1,4.4,6.8,6.9,5.5,5.2,5.6,5.9,5.4
2014/10/10,豐原,O3,28,29,30,28,27,23,19,24,29,31,36,39,40,42,40,34,30,24,23,26,26,26,24,25
2014/10/10,豐原,PM10,24,13,17,4,9,16,26,33,34,33,49,49,64,40,35,31,26,49,37,52,22,15,7,26
2014/10/10,豐原,PM2.5,0,7,7,8,0,7,13,14,11,4,7,6,7,6,3,4,2,4,4,11,8,15,7,13
2014/10/10,豐原,RAINFALL,NR,NR,NR,NR,NR,NR,NR,NR,NR,NR,NR,NR,NR,NR,NR,NR,NR,NR,NR,NR,NR,NR,NR,NR
2014/10/10,豐原,RH,77,79,79,80,81,82,82,71,60,55,49,52,55,58,55,58,65,69,70,72,73,76,79,78
2014/10/10,豐原,SO2,1.4,1.7,1.7,1.7,1.9,1.9,1.9,2.1,2.1,2,1.6,1.2,1.1,1.1,1.1,1.1,1.9,2.3,2.8,2.4,2.2,2,1.8,2
2014/10/10,豐原,THC,1.7,1.7,1.7,1.7,1.7,1.8,1.9,1.7,1.7,1.7,1.7,1.7,1.7,1.7,1.7,1.7,1.7,1.8,1.7,1.7,1.7,1.8,1.8,1.8
2014/10/10,豐原,WD_HR,59,57,59,58,59,56,46,56,47,60,71,120,109,109,114,110,102,84,66,72,65,60,51,41
2014/10/10,豐原,WIND_DIREC,56,56,60,56,61,65,52,55,64,61,273,123,98,129,113,104,107,79,89,77,58,76,36,53
2014/10/10,豐原,WIND_SPEED,4.4,4.2,3.8,2.7,2.5,1.9,1.2,2,3.3,2.7,3.4,4.9,5.5,4.1,5.5,4.2,3.3,2,2.7,3.3,1.6,1.5,1.4,1
2014/10/10,豐原,WS_HR,4.2,4.3,3.6,2.5,2.1,1,0.5,1.8,1.8,0.8,0.5,1.1,2.1,2.3,1.2,1.6,1.3,0.7,1.3,1.6,1.6,0.3,0.7,0.5
2014/10/11,豐原,AMB_TEMP,23,23,23,23,23,23,23,24,24,24,24,24,24,24,25,25,25,23,23,23,23,23,23,22
2014/10/11,豐原,CH4,1.7,1.7,1.7,1.7,1.7,1.7,1.7,1.7,1.7,1.7,1.7,1.7,1.7,1.7,1.7,1.7,1.7,1.7,1.7,1.7,1.7,1.7,1.7,1.7
2014/10/11,豐原,CO,0.15,0.13,0.14,0.14,0.15,0.14,0.16,0.15,0.15,0.16,0.17,0.17,0.17,0.17,0.16,0.16,0.17,0.17,0.16,0.15,0.15,0.16,0.16,0.17
2014/10/11,豐原,NMHC,0.08,0.13,0.08,0.05,0.04,0.02,0.03,0.03,0.03,0.03,0.03,0.03,0.03,0.03,0.04,0.03,0.04,0.04,0.03,0.02,0.02,0.02,0.02,0.02
2014/10/11,豐原,NO,0.9,0.7,0.7,0.9,0.8,1.1,0.9,1.3,1.2,1,1.3,1.1,1,1.1,1.3,1.3,1.1,1.1,1.1,0.9,0.9,1.2,1.1,0.9
2014/10/11,豐原,NO2,4.3,3.6,3.5,5,4.9,4,4.5,4.7,5,5.4,6,5.1,4.5,4.2,3.9,4.1,4.3,4.8,4.5,4,3.9,4,3.7,3.9
2014/10/11,豐原,NOx,5.1,4.2,4.3,5.8,5.7,5.1,5.4,6,6.2,6.5,7.3,6.2,5.4,5.3,5.2,5.4,5.3,5.9,5.5,4.9,4.7,5.2,4.7,4.8
2014/10/11,豐原,O3,24,25,23,24,27,33,33,35,37,38,39,42,44,46,46,46,43,42,41,40,40,40,42,43
2014/10/11,豐原,PM10,26,37,18,30,11,20,27,49,40,24,32,32,47,42,53,62,49,52,50,40,40,33,37,32
2014/10/11,豐原,PM2.5,6,6,4,4,4,10,9,18,10,13,11,10,16,15,23,17,15,14,15,11,20,16,25,15
2014/10/11,豐原,RAINFALL,NR,NR,NR,NR,NR,NR,NR,NR,NR,NR,NR,NR,NR,NR,NR,NR,NR,NR,NR,NR,NR,NR,NR,NR
2014/10/11,豐原,RH,79,81,83,83,84,82,81,75,75,76,75,76,74,71,66,67,69,76,79,79,79,79,76,76
2014/10/11,豐原,SO2,2.6,1.3,1.3,1.3,1.6,1.7,1.6,1.6,1.7,1.6,1.3,1,1.1,1,0.6,0.5,1.2,1.5,1.5,1.4,1.6,1.5,1.4,1.3
2014/10/11,豐原,THC,1.8,1.8,1.8,1.7,1.7,1.7,1.7,1.7,1.7,1.7,1.7,1.7,1.7,1.7,1.7,1.7,1.7,1.7,1.7,1.7,1.7,1.7,1.7,1.7
2014/10/11,豐原,WD_HR,46,52,46,57,62,71,76,78,82,91,90,88,81,69,74,80,69,62,65,63,65,79,73,57
2014/10/11,豐原,WIND_DIREC,40,70,53,80,75,76,86,82,99,81,88,85,67,71,81,80,66,58,65,63,70,75,55,56
2014/10/11,豐原,WIND_SPEED,1.3,1.6,1.1,1.5,3,2.7,2.8,4.6,4.4,5.1,4.7,3.9,5.1,7.7,5.5,4.9,4.2,6.7,6,6.4,4.5,5,2.7,3.8
2014/10/11,豐原,WS_HR,0.9,0.7,0.8,1,1.1,1.7,1.3,2.5,2.8,2.8,3,2.7,2.5,5.1,4.6,3.5,2.9,4.3,4.5,5.2,3.6,3.2,2.7,2.4
2014/10/12,豐原,AMB_TEMP,22,22,22,21,21,21,21,22,25,26,27,27,28,28,28,28,27,25,23,23,23,24,24,22
2014/10/12,豐原,CH4,1.7,1.7,1.7,1.7,1.7,1.7,1.7,1.7,1.7,1.7,1.7,1.7,1.7,1.7,1.7,1.7,1.7,1.7,1.7,1.7,1.7,1.7,1.7,1.7
2014/10/12,豐原,CO,0.15,0.16,0.16,0.16,0.15,0.16,0.19,0.17,0.16,0.2,0.16,0.15,0.15,0.16,0.17,0.19,0.25,0.33,0.33,0.45,0.2,0.13,0.15,0.19
2014/10/12,豐原,NMHC,0.01,0.02,0.02,0.02,0.03,0.03,0.04,0.02,0.02,0.04,0.03,0.02,0.02,0.03,0.04,0.04,0.05,0.07,0.09,0.15,0.05,0.02,0.03,0.06
2014/10/12,豐原,NO,0.9,0.7,0.8,1.3,1,0.9,1,1.2,0.9,1.2,1.4,1.2,1,1.3,0.9,1.2,1.5,1.2,1.3,1.3,1.3,1,1,1
2014/10/12,豐原,NO2,3.1,3.2,3.3,2.1,2.4,2.5,3.3,2,2.4,3.1,2.8,2.3,1.9,2.6,3.5,4.1,6.6,9.7,11,16,5.9,2,2.2,4.9
2014/10/12,豐原,NOx,4,3.8,4.1,3.3,3.4,3.4,4.3,3.3,3.3,4.3,4.1,3.5,2.9,3.9,4.4,5.2,8.2,11,13,18,7.2,3,3.2,5.8
2014/10/12,豐原,O3,45,44,42,41,39,39,37,42,42,44,47,49,51,55,61,62,59,53,45,32,40,43,42,29
2014/10/12,豐原,PM10,27,40,32,32,40,39,42,15,28,21,34,37,46,37,34,17,35,33,49,49,38,33,11,15
2014/10/12,豐原,PM2.5,16,8,10,20,18,14,3,9,16,24,29,22,19,15,18,15,25,23,29,25,21,14,6,6
2014/10/12,豐原,RAINFALL,NR,NR,NR,NR,NR,NR,NR,NR,NR,NR,NR,NR,NR,NR,NR,NR,NR,NR,NR,NR,NR,NR,NR,NR
2014/10/12,豐原,RH,74,74,76,77,79,80,79,72,60,54,50,46,45,45,45,46,50,59,65,70,65,55,51,63
2014/10/12,豐原,SO2,0.5,1.3,1.3,1.5,1.4,1.4,1.4,1.5,1.6,1.8,1.1,0.2,0.4,0.3,0.7,1.1,2.2,2.8,2.5,2.1,1.6,1.5,1.3,1.3
2014/10/12,豐原,THC,1.7,1.7,1.7,1.7,1.7,1.7,1.7,1.7,1.7,1.7,1.7,1.7,1.7,1.7,1.7,1.7,1.8,1.8,1.8,1.9,1.7,1.7,1.7,1.8
2014/10/12,豐原,WD_HR,56,52,60,55,61,59,58,55,64,93,176,97,79,79,51,60,69,63,53,47,70,69,58,89
2014/10/12,豐原,WIND_DIREC,53,50,81,51,55,60,58,52,87,289,194,89,74,72,299,54,83,51,47,347,68,60,53,83
2014/10/12,豐原,WIND_SPEED,3.1,1.8,2,1.8,1.9,2.1,2.6,3.3,2.8,3.7,3.7,3.9,3.9,3.4,3,2.3,2.6,2.2,0.9,0.8,3,3.3,1.1,1.3
2014/10/12,豐原,WS_HR,2.9,1.4,1.1,1.2,1,1.5,1.5,3,1.3,0.3,0.4,1,0.8,1.8,0.6,0.5,0.9,1.5,1.3,0.7,2.4,3.2,2,1.3
2014/10/13,豐原,AMB_TEMP,21,21,20,20,21,21,21,23,25,27,29,30,30,30,30,29,27,25,23,22,21,21,22,21
2014/10/13,豐原,CH4,1.7,1.7,1.7,1.7,1.7,1.7,1.7,1.7,1.7,1.7,1.7,1.7,1.7,1.7,1.7,1.7,1.7,1.7,1.7,1.8,1.8,1.7,1.7,1.7
2014/10/13,豐原,CO,0.18,0.17,0.14,0.14,0.18,0.19,0.23,0.24,0.25,0.24,0.27,0.28,0.27,0.3,0.32,0.35,0.41,0.53,0.44,0.48,0.44,0.34,0.23,0.25
2014/10/13,豐原,NMHC,0.07,0.08,0.05,0.04,0.04,0.08,0.06,0.04,0.07,0.09,0.09,0.09,0.07,0.08,0.13,0.12,0.17,0.2,0.14,0.18,0.16,0.09,0.04,0.06
2014/10/13,豐原,NO,1,1.1,1.1,1.4,1.5,1.5,1.8,1.6,1.5,1.7,2.2,1.6,1.4,1.5,1.6,1.8,1.5,1.6,1.5,1.5,1.8,1.7,1.6,1.8
2014/10/13,豐原,NO2,4.3,5.2,2.8,2.7,2.2,3.5,5,3.4,4.2,3.7,4.4,4.9,4.7,5.4,7.6,8.2,11,16,11,14,13,7.2,3.2,3.9
2014/10/13,豐原,NOx,5.3,6.3,4,4.1,3.7,5,6.8,5,5.7,5.4,6.5,6.5,6.1,6.9,9.2,10,12,17,13,16,15,8.9,4.8,5.7
2014/10/13,豐原,O3,29,23,30,37,42,36,36,46,49,54,60,66,70,83,90,88,81,64,66,54,50,53,53,46
2014/10/13,豐原,PM10,22,22,24,28,28,28,11,15,30,31,45,56,62,78,58,72,70,92,87,77,71,62,57,42
2014/10/13,豐原,PM2.5,7,5,14,13,24,22,21,18,18,28,26,31,30,34,36,35,38,45,56,56,43,35,26,21
2014/10/13,豐原,RAINFALL,NR,NR,NR,NR,NR,NR,NR,NR,NR,NR,NR,NR,NR,NR,NR,NR,NR,NR,NR,NR,NR,NR,NR,NR
2014/10/13,豐原,RH,67,73,71,67,59,62,59,45,39,34,33,32,31,34,38,43,48,56,62,66,68,65,56,56
2014/10/13,豐原,SO2,1.7,1.4,1.4,1.5,1.7,1.6,1.7,1.9,1.9,2,1.7,1.4,1.4,1.5,1.7,1.7,2.3,2.8,2.3,2.1,1.9,1.7,1.6,1.4
2014/10/13,豐原,THC,1.8,1.8,1.8,1.7,1.7,1.8,1.8,1.7,1.8,1.8,1.8,1.8,1.8,1.8,1.9,1.9,1.9,1.9,1.9,1.9,1.9,1.8,1.7,1.8
2014/10/13,豐原,WD_HR,61,62,51,64,65,62,64,61,57,59,335,315,314,305,91,86,81,66,56,53,43,73,88,53
2014/10/13,豐原,WIND_DIREC,49,63,47,68,58,72,71,54,57,69,340,310,309,285,88,91,85,66,321,44,52,88,83,60
2014/10/13,豐原,WIND_SPEED,1.2,1.4,1.2,3.8,1.4,1.7,2.4,3.4,3,2.3,2.3,3.6,2.6,3.6,3.2,2.1,1.8,1.8,1.1,1.5,1.1,2.9,1.5,1.3
2014/10/13,豐原,WS_HR,1.3,0.8,1.1,2.3,1.6,1.3,1.2,2.8,2.6,2.1,1,1.9,1.5,2,1.1,0.6,0.5,1,1.3,0.7,0.6,1.3,2.8,0.9
2014/10/14,豐原,AMB_TEMP,21,20,19,20,19,19,19,22,24,26,28,29,29,29,29,27,26,23,22,21,21,20,19,19
2014/10/14,豐原,CH4,1.7,1.8,1.7,1.7,1.7,1.7,1.7,1.7,1.7,1.7,1.7,1.7,1.7,1.7,1.7,1.7,1.7,1.8,1.8,1.7,1.7,1.8,1.8,1.8
2014/10/14,豐原,CO,0.27,0.3,0.22,0.22,0.18,0.2,0.21,0.35,0.28,0.23,0.29,0.33,0.35,0.35,0.35,0.36,0.4,0.48,0.49,0.38,0.39,0.49,0.49,0.45
2014/10/14,豐原,NMHC,0.11,0.15,0.07,0.08,0.07,0.07,0.06,0.11,0.1,0.07,0.09,0.11,0.09,0.09,0.12,0.12,0.16,0.16,0.16,0.07,0.09,0.16,0.2,0.2
2014/10/14,豐原,NO,1.6,1.6,1.7,0.4,0.3,0.4,0.5,1.3,1.3,0.9,0.8,0.6,0.7,0.8,0.5,0.5,0.6,0.4,0.3,0.5,0.3,0.5,0.6,0.6
2014/10/14,豐原,NO2,5.3,6.3,4.2,3.9,3.3,4.5,5.4,10,7.4,4.8,4.6,5,5.5,6.4,6.3,6.7,9.3,13,12,6.7,6.2,11,11,10
2014/10/14,豐原,NOx,6.9,7.9,5.9,4.3,3.6,4.8,5.8,11,8.7,5.6,5.4,5.6,6.1,7.3,6.8,7.2,9.9,13,12,7.2,6.4,11,12,11
2014/10/14,豐原,O3,38,27,37,31,35,29,32,32,37,43,53,64,75,81,84,86,81,71,65,67,62,46,40,36
2014/10/14,豐原,PM10,34,28,28,23,21,17,31,23,30,37,37,53,32,54,45,81,78,88,77,89,66,64,63,78
2014/10/14,豐原,PM2.5,7,17,20,20,18,16,16,16,14,22,23,23,21,17,32,43,40,48,42,49,37,41,39,37
2014/10/14,豐原,RAINFALL,NR,NR,NR,NR,NR,NR,NR,NR,NR,NR,NR,NR,NR,NR,NR,NR,NR,NR,NR,NR,NR,NR,NR,NR
2014/10/14,豐原,RH,64,75,69,68,65,67,63,51,42,38,35,34,36,35,35,38,43,51,58,59,59,64,66,68
2014/10/14,豐原,SO2,1.4,1.5,1.5,1.4,1.4,1.3,1.3,1.4,1.5,1.5,1.3,1.4,1.6,1.4,1.5,1.6,2.4,2.9,2.7,2.6,2.4,1.9,1.8,1.9
2014/10/14,豐原,THC,1.8,1.9,1.8,1.8,1.8,1.8,1.7,1.8,1.8,1.8,1.8,1.8,1.8,1.8,1.8,1.9,1.9,1.9,1.9,1.8,1.8,1.9,2,2
2014/10/14,豐原,WD_HR,68,20,59,51,51,52,59,54,49,50,313,309,308,19,321,76,69,68,59,79,89,50,352,348
2014/10/14,豐原,WIND_DIREC,60,52,64,57,48,49,60,43,53,306,317,309,310,85,329,81,60,64,65,95,68,49,335,325
2014/10/14,豐原,WIND_SPEED,1.5,1.6,1.6,1.2,1.3,1.8,1.6,1.4,2.1,2.3,2.9,3.9,4.1,2.8,3.1,2.1,2.9,1.6,2.9,4,1.6,1,0.9,1.2
2014/10/14,豐原,WS_HR,1,0.5,0.9,0.7,0.9,1.1,1.3,0.9,0.8,0.9,2.2,2.7,2.1,0.4,0.7,0.6,1.4,1.2,1.9,2.8,2.3,0.8,0.5,0.5
2014/10/15,豐原,AMB_TEMP,18,18,18,18,18,18,18,20,23,27,28,29,29,29,28,27,25,23,22,21,21,21,20,19
2014/10/15,豐原,CH4,1.8,1.8,1.7,1.7,1.7,1.7,1.7,1.7,1.7,1.7,1.7,1.7,1.7,1.7,1.8,1.8,1.8,1.8,1.8,1.8,1.8,1.8,1.8,1.8
2014/10/15,豐原,CO,0.41,0.32,0.26,0.26,0.23,0.28,0.36,0.37,0.26,0.31,0.33,0.39,0.38,0.37,0.39,0.41,0.44,0.54,0.52,0.46,0.45,0.52,0.47,0.41
2014/10/15,豐原,NMHC,0.19,0.13,0.06,0.07,0.07,0.09,0.13,0.11,0.1,0.16,0.11,0.11,0.1,0.11,0.11,0.11,0.17,0.17,0.14,0.13,0.12,0.14,0.13,0.1
2014/10/15,豐原,NO,0.7,0.6,0.6,0.6,0.5,0.5,0.7,1.8,0.9,2.5,3,1.9,1.6,1.4,1.4,1.5,1.5,1.1,1.4,1.4,1.4,1.2,1.4,1.3
2014/10/15,豐原,NO2,8.2,6.1,4.1,3.4,4,5.7,11,11,4.3,9.8,16,12,11,7.8,8.6,9.2,10,14,14,11,9.9,13,11,8.9
2014/10/15,豐原,NOx,8.9,6.7,4.7,4,4.5,6.2,11,13,5.2,12,19,14,12,9.1,10,11,12,15,16,12,11,14,12,10
2014/10/15,豐原,O3,31,32,38,38,33,29,28,29,43,48,54,79,86,92,98,103,94,84,76,75,72,62,57,50
2014/10/15,豐原,PM10,71,59,37,28,26,44,38,47,32,53,41,75,54,73,63,65,65,77,104,111,89,79,73,88
2014/10/15,豐原,PM2.5,31,29,24,21,15,18,12,15,20,26,31,34,40,39,43,45,58,47,54,44,56,53,58,43
2014/10/15,豐原,RAINFALL,NR,NR,NR,NR,NR,NR,NR,NR,NR,NR,NR,NR,NR,NR,NR,NR,NR,NR,NR,NR,NR,NR,NR,NR
2014/10/15,豐原,RH,73,76,76,74,74,75,75,59,43,35,34,34,33,33,34,37,43,50,56,59,61,64,67,72
2014/10/15,豐原,SO2,2,1.5,1.6,1.5,1.5,1.5,1.6,1.7,1.9,2,6.4,4.2,3.6,2.3,2.6,2.8,4.1,4.8,4,3.9,3.8,3.4,2.6,2
2014/10/15,豐原,THC,2,1.9,1.8,1.8,1.8,1.8,1.8,1.8,1.8,1.9,1.8,1.9,1.8,1.9,1.9,1.9,1.9,1.9,1.9,1.9,1.9,1.9,1.9,1.9
2014/10/15,豐原,WD_HR,33,80,91,91,98,92,68,61,56,319,308,289,299,311,305,27,67,68,58,64,55,59,117,112
2014/10/15,豐原,WIND_DIREC,42,100,97,101,116,93,350,76,321,309,295,320,301,283,276,103,77,65,64,70,53,81,129,121
2014/10/15,豐原,WIND_SPEED,1.1,1.3,1.2,0.8,1.1,1,1.1,2.2,1.8,1.8,2.1,1.8,2.9,3.1,3.2,2.8,2.8,2,1.8,1.5,1.7,1.6,1.1,2
2014/10/15,豐原,WS_HR,0.5,1,0.9,0.7,0.9,0.9,0.5,1.3,1,1.2,1.8,1.5,2.4,1.7,1.2,0.6,1.8,1.1,1.1,1.1,1.5,1.4,1.3,1.6
2014/10/16,豐原,AMB_TEMP,19,18,18,18,18,18,18,20,23,25,27,28,29,29,28,27,25,23,22,21,21,21,21,20
2014/10/16,豐原,CH4,1.8,1.8,1.8,1.8,1.8,1.8,1.8,1.8,1.7,1.7,1.7,1.7,1.7,1.7,1.7,1.7,1.7,1.7,1.7,1.7,1.7,1.7,1.8,1.8
2014/10/16,豐原,CO,0.36,0.33,0.31,0.3,0.34,0.36,0.47,0.82,0.52,0.31,0.31,0.32,0.29,0.27,0.27,0.28,0.29,0.39,0.44,0.33,0.29,0.31,0.42,0.37
2014/10/16,豐原,NMHC,0.09,0.09,0.08,0.08,0.07,0.08,0.13,0.27,0.17,0.11,0.1,0.08,0.07,0.07,0.12,0.11,0.12,0.15,0.18,0.1,0.07,0.09,0.2,0.15
2014/10/16,豐原,NO,1.2,1.5,1.4,1.5,1.2,1.2,1.6,6.3,4.8,1.8,1.8,1.2,1.3,0.9,1.4,1.4,1.3,1.1,0.9,1.1,0.9,0.9,1,0.7
2014/10/16,豐原,NO2,7.8,6.3,5.8,5.2,5.6,6,11,24,16,5.3,7,7.8,7.6,6.4,11,7.9,8.7,12,14,8.4,7,7.5,14,11
2014/10/16,豐原,NOx,9,7.8,7.1,6.7,6.8,7.2,12,30,21,7.1,8.8,9,8.9,7.3,12,9.4,10,13,15,9.5,7.9,8.3,15,12
2014/10/16,豐原,O3,45,47,46,44,41,38,32,20,34,47,61,71,75,77,72,74,70,61,56,58,57,51,37,37
2014/10/16,豐原,PM10,77,58,41,46,55,46,48,44,52,40,46,72,92,73,62,44,58,65,79,77,46,32,31,44
2014/10/16,豐原,PM2.5,32,23,34,41,38,37,30,39,25,22,22,27,25,21,21,31,27,27,24,24,20,14,17,20
2014/10/16,豐原,RAINFALL,NR,NR,NR,NR,NR,NR,NR,NR,NR,NR,NR,NR,NR,NR,NR,NR,NR,NR,NR,NR,NR,NR,NR,NR
2014/10/16,豐原,RH,77,78,79,79,80,82,82,73,55,40,34,31,29,29,33,38,42,47,53,55,57,60,62,66
2014/10/16,豐原,SO2,1.1,1.3,1.2,1.2,1.1,1.2,1.2,1.5,1.4,1.3,2.4,2.4,2.3,1.4,2.9,1.2,1.8,2.4,2.3,1.9,1.8,1.5,1.6,1.2
2014/10/16,豐原,THC,1.9,1.9,1.8,1.8,1.8,1.8,1.9,2.1,1.9,1.8,1.8,1.8,1.8,1.8,1.8,1.8,1.8,1.9,1.9,1.8,1.8,1.8,1.9,1.9
2014/10/16,豐原,WD_HR,110,110,113,112,110,103,95,38,358,321,316,319,311,316,310,294,73,67,56,59,63,88,326,108
2014/10/16,豐原,WIND_DIREC,112,98,111,107,112,99,350,38,341,315,312,296,325,347,308,86,64,84,60,337,88,105,146,111
2014/10/16,豐原,WIND_SPEED,1.9,1.4,1.6,1.3,2.1,1.9,0.7,0.8,1.9,1.8,2.9,3.1,2.6,2.9,4.5,2.6,2.6,1.9,1.5,1.1,2.2,1,0.7,0.8
2014/10/16,豐原,WS_HR,1.7,1.8,1.8,1.6,1.8,1.8,1.2,0.5,0.5,1.5,1.6,1.4,1.8,1.1,2.8,1.3,1.5,1.3,1.1,1.3,2,1.3,0.1,0.8
2014/10/17,豐原,AMB_TEMP,20,19,19,19,19,19,19,22,26,28,29,30,30,29,27,27,26,25,24,23,22,22,21,21
2014/10/17,豐原,CH4,1.7,1.7,1.8,1.8,1.8,1.8,1.8,1.8,1.8,1.8,1.8,1.9,1.8,1.7,1.7,1.7,1.7,1.7,1.7,1.7,1.7,1.7,1.7,1.7
2014/10/17,豐原,CO,0.29,0.28,0.32,0.33,0.33,0.34,0.46,0.74,0.84,0.64,0.44,0.39,0.36,0.33,0.29,0.32,0.34,0.41,0.48,0.43,0.39,0.34,0.32,0.29
2014/10/17,豐原,NMHC,0.11,0.11,0.11,0.12,0.11,0.12,0.16,0.26,0.36,0.24,0.15,0.07,0.08,0.11,0.1,0.15,0.16,0.2,0.2,0.19,0.16,0.12,0.11,0.09
2014/10/17,豐原,NO,0.7,1,1.1,2.1,1.8,1.7,2.1,3.6,5.2,2.9,3.3,2.2,1.7,1.6,1.6,1.6,1.4,1.7,1.6,1.5,1.8,1.5,1.4,1.5
2014/10/17,豐原,NO2,7.4,6.3,5.9,6,5.9,6.8,9.7,19,25,17,21,13,11,9.6,9.8,10,14,16,18,15,13,10,9.5,8.5
2014/10/17,豐原,NOx,8.2,7.3,7,8.1,7.7,8.5,12,23,30,20,24,15,13,11,11,12,15,18,19,17,14,12,11,9.9
2014/10/17,豐原,O3,38,44,53,51,45,39,32,29,45,78,73,88,91,91,88,85,75,59,44,37,35,33,30,29
2014/10/17,豐原,PM10,39,47,37,53,51,72,60,59,66,95,103,100,100,74,76,71,74,67,67,60,52,31,30,39
2014/10/17,豐原,PM2.5,20,18,21,21,27,28,29,30,36,42,43,35,35,38,31,40,35,37,27,23,25,22,17,6
2014/10/17,豐原,RAINFALL,NR,NR,NR,NR,NR,NR,NR,NR,NR,NR,NR,NR,NR,NR,NR,NR,NR,NR,NR,NR,NR,NR,NR,NR
2014/10/17,豐原,RH,72,74,77,79,78,77,74,66,49,39,36,35,34,41,52,51,56,63,69,76,77,80,83,84
2014/10/17,豐原,SO2,1.7,1.5,1.6,1.4,1.4,1.8,1.6,3.8,11,3.9,6.6,4.5,2.8,2.1,2.2,1.9,5,3.2,2.8,1.9,1.6,1.5,1.4,1.4
2014/10/17,豐原,THC,1.8,1.8,1.9,1.9,1.9,1.9,1.9,2,2.2,2,1.9,1.9,1.9,1.8,1.8,1.9,1.9,1.9,1.9,1.9,1.9,1.8,1.8,1.8
2014/10/17,豐原,WD_HR,112,108,108,110,114,104,101,57,267,294,320,310,304,303,305,311,312,315,93,113,117,116,119,116
2014/10/17,豐原,WIND_DIREC,109,103,99,113,97,116,88,347,198,338,307,306,310,307,311,312,310,312,116,116,125,109,115,119
2014/10/17,豐原,WIND_SPEED,1.7,1.5,1.9,2.3,1.3,1.8,1.6,0.8,1.5,1.3,2.7,2.7,2.8,4.2,3.7,3.1,2.4,2,1.6,1.8,1.6,2,2.1,1.5
2014/10/17,豐原,WS_HR,1.5,1.6,2,2.2,1.7,1.5,1.4,0.5,0.2,0.9,1.3,1.8,2,2.9,3.2,2.8,2.6,0.8,0.8,1.7,1.3,2,2,1.8
2014/10/18,豐原,AMB_TEMP,21,21,20,20,21,21,21,22,24,26,27,27,28,28,28,28,27,26,24,23,22,22,22,22
2014/10/18,豐原,CH4,1.7,1.7,1.7,1.7,1.7,1.7,1.7,1.8,2,1.9,1.8,1.8,1.7,1.7,1.7,1.7,1.7,1.7,1.7,1.7,1.7,1.8,1.8,1.8
2014/10/18,豐原,CO,0.28,0.29,0.26,0.34,0.28,0.32,0.49,0.68,1.04,0.88,0.42,0.38,0.36,0.31,0.29,0.33,0.35,0.41,0.55,0.45,0.42,0.56,0.55,0.43
2014/10/18,豐原,NMHC,0.08,0.1,0.08,0.1,0.08,0.09,0.16,0.26,0.53,0.56,0.16,0.13,0.11,0.08,0.07,0.11,0.13,0.14,0.19,0.15,0.13,0.2,0.2,0.14
2014/10/18,豐原,NO,1.5,1.3,1.5,1.5,1.1,1.2,1.4,3.9,5.3,5,2.6,1.9,1.5,1.7,2,1.7,2.2,1.3,1.6,1.4,1.3,1.6,1.4,1.1
2014/10/18,豐原,NO2,7,6.7,5.9,7.8,4.6,5.9,9,19,31,33,18,13,11,11,10,14,22,13,15,12,12,16,14,9.8
2014/10/18,豐原,NOx,8.4,8.1,7.3,9.4,5.7,7.1,10,22,36,37,21,15,13,13,12,16,24,14,17,13,13,18,16,11
2014/10/18,豐原,O3,33,33,36,38,42,43,36,26,41,67,67,80,85,85,76,65,49,50,37,31,28,24,22,35
2014/10/18,豐原,PM10,49,58,36,47,27,52,56,56,65,47,83,62,72,68,72,67,68,82,73,65,47,71,59,83
2014/10/18,豐原,PM2.5,6,14,16,22,15,23,19,35,42,55,49,47,44,47,40,39,30,32,24,27,27,28,34,32
2014/10/18,豐原,RAINFALL,NR,NR,NR,NR,NR,NR,NR,NR,NR,NR,NR,NR,NR,NR,NR,NR,NR,NR,NR,NR,NR,NR,NR,NR
2014/10/18,豐原,RH,84,84,85,83,79,75,74,72,67,57,51,51,50,53,54,56,61,64,70,77,79,81,83,83
2014/10/18,豐原,SO2,0.7,1.3,1.5,5.4,1.4,1.3,1.4,2.9,4.6,3.8,5.5,3,2.3,2.2,2.9,5.5,8.2,2.9,2.1,1.7,1.7,2.1,2,2
2014/10/18,豐原,THC,1.8,1.8,1.8,1.8,1.8,1.8,1.9,2,2.5,2.5,1.9,1.9,1.9,1.8,1.8,1.8,1.9,1.9,1.9,1.9,1.9,2,2,1.9
2014/10/18,豐原,WD_HR,113,104,110,121,96,95,84,191,203,238,290,292,286,304,309,307,312,345,108,120,116,129,105,99
2014/10/18,豐原,WIND_DIREC,107,109,109,114,112,106,45,218,206,276,303,294,286,301,310,308,314,55,119,116,106,155,96,74
2014/10/18,豐原,WIND_SPEED,1.6,1.3,2.1,2,1.1,1.4,0.9,1.1,2.3,1.9,2.3,3,3,3.8,4.1,3.1,2.5,1.4,1.8,1.9,2.1,1.3,1.5,0.8
2014/10/18,豐原,WS_HR,1.8,1.3,1.9,1.5,1,0.9,1,0.1,1.2,1.2,1.8,1.8,2.5,2.9,3.5,2.4,2,0.8,1.4,2,1.9,1.1,1,1.2
2014/10/19,豐原,AMB_TEMP,22,21,21,21,21,20,21,22,25,26,28,29,28,28,28,28,27,26,24,23,22,22,21,21
2014/10/19,豐原,CH4,1.7,1.8,1.8,1.8,1.8,1.8,1.8,1.7,1.7,1.7,1.8,1.8,1.8,1.7,1.7,1.7,1.7,1.8,1.8,1.8,1.8,1.8,1.8,1.8
2014/10/19,豐原,CO,0.39,0.39,0.39,0.37,0.38,0.39,0.65,0.57,0.39,0.37,0.46,0.5,0.41,0.39,0.37,0.37,0.49,0.69,0.77,0.59,0.51,0.52,0.45,0.4
2014/10/19,豐原,NMHC,0.1,0.08,0.08,0.07,0.08,0.09,0.19,0.18,0.1,0.08,0.11,0.12,0.08,0.07,0.06,0.07,0.08,0.15,0.2,0.15,0.14,0.15,0.13,0.11
2014/10/19,豐原,NO,1.2,1.4,1.3,1.7,1.5,1.7,1.9,2.8,2.7,2,1.7,1.7,1.8,1.6,1.9,1.8,1.4,1.9,1.7,2,1.9,1.5,1.7,1.8
2014/10/19,豐原,NO2,6.9,5.7,5.1,4.4,5.2,5.9,8.1,11,8.8,6.9,7.5,9.2,8.8,8,7.5,8.3,11,20,23,15,12,12,9.8,7.3
2014/10/19,豐原,NOx,8.1,7,6.4,6.1,6.7,7.6,10,14,11,8.8,9.1,11,11,9.6,9.3,10,13,22,25,17,13,14,12,9.1
2014/10/19,豐原,O3,49,52,49,46,48,44,40,32,42,68,93,109,100,102,99,101,97,77,50,52,51,43,43,44
2014/10/19,豐原,PM10,76,97,68,67,75,73,67,44,54,56,58,66,85,81,90,85,110,91,82,65,69,62,55,55
2014/10/19,豐原,PM2.5,24,26,29,40,38,38,34,34,36,45,43,44,32,39,40,44,42,49,58,65,54,46,33,30
2014/10/19,豐原,RAINFALL,NR,NR,NR,NR,NR,NR,NR,NR,NR,NR,NR,NR,NR,NR,NR,NR,NR,NR,NR,NR,NR,NR,NR,NR
2014/10/19,豐原,RH,80,80,84,86,85,87,85,71,57,53,46,43,50,51,53,53,56,63,73,76,75,76,78,80
2014/10/19,豐原,SO2,2.8,2.3,1.8,1.6,1.9,1.5,1.6,1.7,1.7,2,1.8,1.4,2.4,2.4,2.5,2.9,5.7,7.2,4.7,2.7,2,2.1,1.9,2.2
2014/10/19,豐原,THC,1.8,1.8,1.8,1.8,1.9,1.9,2,1.9,1.8,1.8,1.9,1.9,1.8,1.8,1.8,1.8,1.8,1.9,2,1.9,1.9,1.9,1.9,1.9
2014/10/19,豐原,WD_HR,97,99,106,94,94,84,94,58,1.4,300,220,207,303,300,312,302,304,327,121,120,120,114,115,116
2014/10/19,豐原,WIND_DIREC,100,106,113,96,64,76,108,55,325,222,230,222,306,299,312,311,303,116,117,123,113,108,114,111
2014/10/19,豐原,WIND_SPEED,0.9,1.3,1.7,1.7,0.8,1.1,1.3,1.9,2.3,2.1,1.9,3.2,2.9,2.8,2.1,2.2,1.8,1.7,2.1,2,2.1,1.3,2,2.4
2014/10/19,豐原,WS_HR,1.2,1.2,1.6,1.5,1.6,1.5,1.4,1,0.7,0.6,1.6,1.9,2.4,2.4,2.3,1.9,1.8,0.4,1.9,2.2,2.1,1.5,2,2.3
2014/10/20,豐原,AMB_TEMP,21,21,20,20,20,20,20,22,25,27,29,29,29,29,29,29,28,27,25,23,23,23,22,22
2014/10/20,豐原,CH4,1.8,1.8,1.8,1.7,1.7,1.7,1.7,1.7,1.7,1.7,1.8,1.8,1.8,1.7,1.7,1.8,1.7,1.8,1.8,1.8,1.8,1.8,1.7,1.7
2014/10/20,豐原,CO,0.39,0.37,0.35,0.33,0.29,0.28,0.33,0.45,0.45,0.4,0.53,0.57,0.5,0.41,0.41,0.42,0.46,0.71,0.72,0.49,0.47,0.42,0.35,0.26
2014/10/20,豐原,NMHC,0.09,0.08,0.09,0.1,0.08,0.08,0.11,0.13,0.12,0.11,0.13,0.16,0.12,0.1,0.2,0.24,0.25,0.43,0.35,0.19,0.16,0.12,0.1,0.07
2014/10/20,豐原,NO,1.7,1.6,1.4,1.3,1.3,1.1,1.2,2.5,2.7,1.8,2.1,2.1,1.4,1,1.6,2.1,2.3,1.6,1.4,1.4,1.1,1.1,1.2,1.3
2014/10/20,豐原,NO2,6.4,5.6,5.3,4.6,4.9,5.4,6.4,8.8,9.9,8.4,17,17,13,11,15,27,28,26,25,14,12,10,8.8,6.2
2014/10/20,豐原,NOx,8.1,7.2,6.7,5.9,6.2,6.5,7.6,11,13,10,19,19,14,12,17,29,31,28,26,16,13,11,10,7.5
2014/10/20,豐原,O3,43,45,44,41,33,28,23,24,40,56,74,92,98,94,87,72,65,55,40,49,52,48,43,39
2014/10/20,豐原,PM10,54,56,50,48,44,42,31,27,40,63,99,97,95,80,92,88,99,80,99,71,72,46,44,38
2014/10/20,豐原,PM2.5,41,39,40,28,19,26,18,28,18,26,33,53,54,49,45,46,53,52,53,46,35,27,28,24
2014/10/20,豐原,RAINFALL,NR,NR,NR,NR,NR,NR,NR,NR,NR,NR,NR,NR,NR,NR,NR,NR,NR,NR,NR,NR,NR,NR,NR,NR
2014/10/20,豐原,RH,81,82,82,83,83,81,80,71,55,49,50,52,52,48,51,53,66,72,78,78,77,75,75,71
2014/10/20,豐原,SO2,1.8,2.4,2.4,2.3,2,1.9,1.9,2.1,4.4,4.2,10,11,6.6,5.1,6.4,12,11,4.9,2.9,2.6,2.6,2.5,2.1,2
2014/10/20,豐原,THC,1.9,1.8,1.9,1.8,1.8,1.8,1.8,1.8,1.8,1.8,1.9,1.9,1.9,1.8,2,2,2,2.2,2.1,2,1.9,1.9,1.8,1.8
2014/10/20,豐原,WD_HR,113,115,106,105,113,110,103,76,49,322,309,310,305,305,309,311,310,27,117,116,118,109,106,105
2014/10/20,豐原,WIND_DIREC,115,101,104,95,116,104,108,72,55,328,292,310,306,300,310,315,319,114,116,118,121,109,110,107
2014/10/20,豐原,WIND_SPEED,2.1,1.9,2,1.4,2.2,2.1,1.7,0.8,1.8,2.1,2.6,3.2,3.1,2.6,2.9,2.9,2,1.3,1.7,2.3,1.8,2.2,2.4,2.5
2014/10/20,豐原,WS_HR,2.3,2.2,1.8,1.7,1.8,1.8,1.8,1,0.8,1.2,1.8,2.6,3,2.5,2.7,2,1.9,0.4,1.4,2.2,1.9,2.1,2.2,2.3
2014/11/1,豐原,AMB_TEMP,22,21,21,21,21,21,21,22,24,25,26,27,27,27,27,26,26,25,24,24,23,23,23,22
2014/11/1,豐原,CH4,1.9,1.9,1.9,1.8,1.8,1.8,1.8,1.8,1.8,1.8,1.8,1.8,1.8,1.8,1.8,1.7,1.7,1.7,1.7,1.7,1.7,1.7,1.7,1.8
2014/11/1,豐原,CO,0.79,0.71,0.61,0.57,0.53,0.52,0.67,0.95,0.74,0.44,0.47,0.46,0.46,0.43,0.49,0.38,0.36,0.42,0.39,0.46,0.41,0.39,0.45,0.44
2014/11/1,豐原,NMHC,0.31,0.28,0.22,0.19,0.17,0.15,0.19,0.38,0.25,0.14,0.14,0.14,0.15,0.15,0.16,0.13,0.15,0.17,0.18,0.18,0.17,0.12,0.14,0.19
2014/11/1,豐原,NO,0.6,0.5,0.8,0.8,0.5,0.5,0.6,2.2,2.9,1.2,1,1.1,0.8,0.8,1,1.2,1.5,1.8,0.7,1.1,1.3,1.6,1.5,0.8
2014/11/1,豐原,NO2,21,18,14,14,13,14,16,22,23,13,17,13,12,13,15,15,28,25,16,17,13,12,12,10
2014/11/1,豐原,NOx,22,18,15,14,14,14,16,24,26,14,18,14,13,14,16,17,29,26,17,18,14,14,14,11
2014/11/1,豐原,O3,28,21,23,23,29,33,29,26,38,55,79,93,98,98,118,76,38,20,23,17,15,14,15,19
2014/11/1,豐原,PM10,126,136,129,128,103,99,75,78,76,95,95,108,93,101,100,108,89,77,56,51,19,33,34,53
2014/11/1,豐原,PM2.5,92,97,90,76,73,70,70,59,58,55,59,54,60,53,59,46,44,29,27,26,27,35,35,41
2014/11/1,豐原,RAINFALL,NR,NR,NR,NR,NR,NR,NR,NR,NR,NR,NR,NR,NR,NR,NR,NR,NR,NR,NR,NR,NR,NR,NR,NR
2014/11/1,豐原,RH,92,93,95,95,94,93,93,90,77,65,63,61,60,63,65,77,80,87,88,89,90,91,91,92
2014/11/1,豐原,SO2,3.8,2.3,2.2,2.3,2,2.2,2.3,2.6,4.2,2.5,4.8,4.3,3.4,5.1,4.5,4.8,13,10,2.6,2.1,1.9,2,2,1.8
2014/11/1,豐原,THC,2.2,2.2,2.1,2,2,2,2,2.2,2.1,1.9,1.9,1.9,1.9,1.9,1.9,1.8,1.8,1.9,1.9,1.9,1.9,1.8,1.9,2
2014/11/1,豐原,WD_HR,109,95,101,110,109,115,109,93,32,324,303,310,304,308,314,311,314,314,70,100,115,119,107,93
2014/11/1,豐原,WIND_DIREC,100,117,110,115,96,121,113,45,47,323,298,261,296,308,320,309,318,318,110,94,124,108,103,96
2014/11/1,豐原,WIND_SPEED,1.1,1.9,1.7,2.1,1.5,2.3,1.7,0.7,1.6,2.2,2.1,1.7,2,2.7,3.9,3.1,2.2,1.5,1.3,0.7,1.6,1,1.3,1.4
2014/11/1,豐原,WS_HR,0.7,1.1,1.2,1.7,1.7,1.8,1.8,1.2,0.4,1,1.3,1,1.2,2.1,3.2,2.9,2,1.6,0.6,0.7,1.3,1.4,0.9,1.1
2014/11/2,豐原,AMB_TEMP,22,21,21,21,21,21,22,23,25,26,25,25,25,24,24,24,22,22,21,21,21,20,20,19
2014/11/2,豐原,CH4,1.8,1.8,1.8,1.8,1.8,1.8,1.7,1.7,1.7,1.7,1.8,1.8,1.8,1.8,1.8,1.8,1.8,1.8,1.8,1.8,1.8,1.8,1.8,1.8
2014/11/2,豐原,CO,0.41,0.42,0.4,0.39,0.43,0.48,0.35,0.37,0.36,0.32,0.42,0.51,0.49,0.49,0.47,0.49,0.46,0.51,0.54,0.54,0.52,0.53,0.55,0.48
2014/11/2,豐原,NMHC,0.13,0.15,0.2,0.14,0.13,0.15,0.09,0.09,0.09,0.11,0.08,0.11,0.08,0.09,0.08,0.12,0.1,0.09,0.09,0.15,0.11,0.12,0.1,0.06
2014/11/2,豐原,NO,0.9,1.1,0.9,1.6,1.5,1.4,1.4,1.7,1.7,1.8,1.9,1.9,1.8,1.9,1.8,1.8,1.8,1.5,1.4,1.4,1.4,1.7,1.4,1.4
2014/11/2,豐原,NO2,8.2,7.5,7.2,9.1,9,9.8,7,6.2,6.4,6,6.1,6.8,6.1,6.1,6,7,8,8.7,8.9,8.6,7.6,7.3,6.8,6
2014/11/2,豐原,NOx,9.1,8.5,8.1,11,11,11,8.4,7.9,8.1,7.8,8.1,8.7,7.9,8,7.8,8.8,9.8,10,10,10,9,9,8.2,7.4
2014/11/2,豐原,O3,18,15,16,14,16,18,32,41,51,45,41,38,43,40,42,38,34,34,34,35,35,40,43,45
2014/11/2,豐原,PM10,59,58,52,44,49,55,44,61,66,63,51,42,39,22,31,26,34,24,27,31,27,31,32,44
2014/11/2,豐原,PM2.5,29,37,28,36,34,37,31,33,33,38,31,23,16,10,13,15,13,13,5,7,5,16,20,25
2014/11/2,豐原,RAINFALL,NR,NR,NR,NR,NR,NR,NR,NR,NR,NR,NR,NR,NR,NR,NR,NR,NR,NR,NR,NR,NR,NR,NR,NR
2014/11/2,豐原,RH,93,94,94,94,94,94,79,78,67,68,69,69,67,70,69,70,76,78,79,81,81,79,81,78
2014/11/2,豐原,SO2,1.6,1.5,1.5,1.5,1.6,1.6,1.6,1.7,1.2,0.2,0,0,-0.2,0.9,1,1.1,1.7,1.9,2.2,1.3,1.7,1.8,2.2,2.4
2014/11/2,豐原,THC,1.9,1.9,2,2,1.9,1.9,1.8,1.8,1.8,1.8,1.8,1.9,1.9,1.9,1.9,1.9,1.9,1.9,1.9,1.9,1.9,1.9,1.9,1.9
2014/11/2,豐原,WD_HR,106,104,102,97,105,83,75,84,59,63,88,94,67,84,58,102,102,88,74,23,78,61,35,67
2014/11/2,豐原,WIND_DIREC,105,106,117,109,100,56,79,89,52,93,69,94,58,75,77,110,104,76,62,106,74,74,78,64
2014/11/2,豐原,WIND_SPEED,1.8,1.1,1.4,1.7,1.3,1.5,2.2,2.6,2,2.8,4.3,3.8,3.2,3.7,2.6,3.2,3.7,3.1,2.7,1.9,2.5,2.3,2.4,4
2014/11/2,豐原,WS_HR,1.5,1.2,0.8,1.3,1.4,1.2,1.7,2.2,1.6,0.7,1.7,0.3,2.1,1.8,3.5,1,1.4,1.3,1.5,0.2,0.7,0.6,0.5,2
2014/11/3,豐原,AMB_TEMP,19,19,19,19,19,19,19,19,20,21,22,23,24,24,23,22,21,20,20,19,19,18,18,18
2014/11/3,豐原,CH4,1.8,1.8,1.8,1.8,1.8,1.8,1.8,1.7,1.7,1.8,1.8,1.8,1.8,1.8,1.8,1.8,1.8,1.8,1.8,1.7,1.7,1.7,1.7,1.7
2014/11/3,豐原,CO,0.42,0.39,0.35,0.33,0.3,0.28,0.3,0.31,0.31,0.32,0.32,0.34,0.36,0.33,0.32,0.36,0.39,0.45,0.34,0.3,0.31,0.25,0.22,0.21
2014/11/3,豐原,NMHC,0.04,0.04,0.03,0.03,0.03,0.03,0.04,0.04,0.05,0.11,0.14,0.08,0.1,0.11,0.12,0.16,0.17,0.13,0.06,0.05,0.07,0.04,0.03,0.03
2014/11/3,豐原,NO,1.4,1.6,1.4,0.9,0.9,0.8,0.9,0.9,0.8,0.9,1.3,1.6,0.9,0.9,0.7,0.5,0.5,0.8,0.8,0.4,0.6,0.2,0.6,0.5
2014/11/3,豐原,NO2,4.4,4.5,4,4.2,4.2,4.6,6.1,5.9,5.6,6.4,7.7,8.1,6.3,6.4,6.9,8.1,9.4,12,8.2,6.6,8.1,6.9,5.1,5
2014/11/3,豐原,NOx,5.8,6.1,5.4,5.1,5.1,5.4,7,6.8,6.4,7.2,9,9.7,7.2,7.3,7.6,8.6,9.9,13,9,6.9,8.7,7.1,5.8,5.4
2014/11/3,豐原,O3,45,44,45,48,48,47,46,47,45,46,47,49,53,53,52,50,47,41,43,41,37,38,40,39
2014/11/3,豐原,PM10,36,36,15,37,35,42,43,34,43,30,43,43,59,73,94,88,101,85,67,50,42,42,34,37
2014/11/3,豐原,PM2.5,17,15,8,11,10,17,16,12,6,10,19,19,34,38,37,31,26,25,18,13,16,19,23,14
2014/11/3,豐原,RAINFALL,NR,NR,NR,NR,NR,NR,NR,NR,NR,NR,NR,NR,NR,NR,NR,NR,NR,NR,NR,NR,NR,NR,NR,NR
2014/11/3,豐原,RH,75,74,70,67,67,66,65,63,61,57,54,50,48,48,49,52,56,59,61,63,65,66,65,65
2014/11/3,豐原,SO2,1.6,1.8,1.6,1.7,1.9,1.9,1.8,1.7,1.5,1.4,0.9,1.1,1.1,3.2,3.3,3.7,3.6,3.9,3.7,3.4,3.2,3.2,3,2.9
2014/11/3,豐原,THC,1.8,1.8,1.8,1.8,1.8,1.8,1.8,1.8,1.8,1.9,1.9,1.8,1.9,1.9,1.9,1.9,1.9,1.9,1.8,1.8,1.8,1.8,1.8,1.8
2014/11/3,豐原,WD_HR,58,62,58,62,62,62,61,59,55,63,79,76,25,108,93,93,82,70,60,62,72,56,61,71
2014/11/3,豐原,WIND_DIREC,59,60,58,84,51,57,60,62,53,78,87,99,274,252,89,65,86,64,56,75,63,57,68,87
2014/11/3,豐原,WIND_SPEED,2.5,3,3.5,2.6,3.4,2.8,2.9,4.7,3.9,3.2,2.7,3.4,3.9,2.8,2.7,2,2.1,2.6,3.8,1.9,1.8,2.2,1.5,2.2
2014/11/3,豐原,WS_HR,3,1.9,2.8,3.4,2.5,2.1,1.8,3.5,3.8,1.5,1.3,1,0.3,0.5,0.6,0.9,0.6,0.9,2.6,1.9,1.3,2,1.7,1.4
2014/11/4,豐原,AMB_TEMP,19,19,19,19,19,20,20,20,21,22,23,24,25,25,24,24,23,21,21,21,20,20,19,18
2014/11/4,豐原,CH4,1.7,1.7,1.7,1.8,1.8,1.8,1.8,1.8,1.8,1.8,1.8,1.8,1.8,1.7,1.7,1.7,1.7,1.7,1.7,1.7,1.7,1.7,1.7,1.8
2014/11/4,豐原,CO,0.22,0.23,0.22,0.24,0.26,0.27,0.37,0.52,0.43,0.35,0.32,0.34,0.31,0.26,0.24,0.24,0.25,0.37,0.29,0.26,0.24,0.32,0.28,0.3
2014/11/4,豐原,NMHC,0.03,0.2,0.04,0.11,0.24,0.06,0.26,0.16,0.17,0.18,0.09,0.09,0.07,0.07,0.09,0.1,0.15,0.28,0.11,0.13,0.08,0.14,0.09,0.1
2014/11/4,豐原,NO,0.3,0.3,0.5,2.3,1.9,1.8,2,3.5,3.7,3.7,2.7,2.3,2,2.1,2.2,2.2,2.2,2.2,2.1,2,2,2.2,2,1.9
2014/11/4,豐原,NO2,4.6,5.1,5.3,4.5,5.9,5.5,11,17,14,11,5.7,7.3,4.4,4.7,5.1,5.2,7.8,13,9.6,8.5,6.8,10,7.7,6.9
2014/11/4,豐原,NOx,5,5.3,5.8,6.8,7.9,7.3,13,21,17,15,8.4,9.6,6.4,6.8,7.2,7.4,10,15,12,10,8.8,12,9.6,8.8
2014/11/4,豐原,O3,39,36,36,33,28,30,25,21,24,32,46,53,55,54,51,46,39,29,31,30,30,23,22,21
2014/11/4,豐原,PM10,41,48,29,29,12,32,24,46,36,54,52,70,67,80,79,79,78,84,84,66,52,55,44,34
2014/11/4,豐原,PM2.5,9,7,11,8,7,8,17,19,13,6,7,16,23,24,23,23,17,12,9,10,11,12,21,16
2014/11/4,豐原,RAINFALL,NR,NR,NR,NR,NR,NR,NR,NR,NR,NR,NR,NR,NR,NR,NR,NR,NR,NR,NR,NR,NR,NR,NR,NR
2014/11/4,豐原,RH,65,65,65,66,67,68,67,65,62,58,57,54,52,49,49,50,54,60,63,65,66,71,77,80
2014/11/4,豐原,SO2,3.2,1.4,1.4,1.5,1.4,1.5,1.5,1.6,1.7,1.7,1,2,0.6,0.9,0.8,1,1.3,2,1.6,1.3,1.4,2.1,1.5,1.5
2014/11/4,豐原,THC,1.8,1.9,1.8,1.9,2,1.8,2,1.9,1.9,2,1.9,1.9,1.8,1.8,1.8,1.8,1.9,2,1.8,1.9,1.8,1.9,1.8,1.9
2014/11/4,豐原,WD_HR,95,49,80,79,31,70,51,55,56,52,53,309,314,316,321,350,11,49,70,81,87,129,110,114
2014/11/4,豐原,WIND_DIREC,90,43,80,35,68,324,52,56,19,47,51,300,312,314,315,316,17,57,87,100,122,116,114,119
2014/11/4,豐原,WIND_SPEED,2.1,0.9,1.7,0.6,2.1,0.7,1.2,1.9,1.4,1.8,1.2,2.7,3.5,3.3,3.1,3,1.5,1.6,1.8,2.5,1,1.4,1.8,1.7
2014/11/4,豐原,WS_HR,2.3,0.4,1.5,0.5,0.6,1,0.6,0.9,0.8,0.8,0.8,1.7,2.7,2.6,1.6,0.9,0.6,0.7,1.2,1.5,1.4,1.1,1.5,1.6
2014/11/5,豐原,AMB_TEMP,18,18,18,19,19,19,19,20,22,24,25,26,26,25,25,25,24,23,22,21,20,20,20,20
2014/11/5,豐原,CH4,1.8,1.8,1.8,1.8,1.8,1.8,1.8,1.8,1.8,1.8,1.8,1.8,1.8,1.8,1.8,1.8,1.8,1.8,1.8,1.8,1.8,1.8,1.8,1.8
2014/11/5,豐原,CO,0.3,0.28,0.31,0.32,0.33,0.37,0.51,0.74,0.83,0.44,0.55,0.66,0.47,0.42,0.39,0.37,0.38,0.47,0.45,0.46,0.42,0.42,0.42,0.43
2014/11/5,豐原,NMHC,0.1,0.09,0.13,0.14,0.13,0.13,0.19,0.26,0.36,0.16,0.24,0.27,0.19,0.13,0.14,0.15,0.21,0.22,0.15,0.18,0.14,0.13,0.14,0.18
2014/11/5,豐原,NO,2,2.1,1.8,1.6,1.9,1.6,1.6,4.8,8.4,2.6,2.3,2.3,2,2.4,2.2,2.1,2,1.8,1.6,1.6,1.5,1.6,1.7,1.7
2014/11/5,豐原,NO2,7.5,6.3,6.7,8.5,8.4,9.2,14,19,24,11,15,18,16,21,16,20,27,18,17,16,14,13,12,13
2014/11/5,豐原,NOx,9.5,8.4,8.5,10,10,11,15,23,33,14,17,20,18,23,18,22,29,20,18,17,15,14,14,15
2014/11/5,豐原,O3,20,23,21,22,23,22,19,17,30,58,72,92,87,81,89,78,59,66,57,46,49,50,50,45
2014/11/5,豐原,PM10,13,22,18,39,30,30,19,22,59,81,84,71,94,118,112,91,86,77,57,54,57,63,52,51
2014/11/5,豐原,PM2.5,12,8,14,14,20,24,34,31,25,20,29,42,38,37,40,50,51,41,28,21,20,21,21,20
2014/11/5,豐原,RAINFALL,NR,NR,NR,NR,NR,NR,NR,NR,NR,NR,NR,NR,NR,NR,NR,NR,NR,NR,NR,NR,NR,NR,NR,NR
2014/11/5,豐原,RH,81,81,82,80,82,82,82,78,66,58,52,49,51,52,53,56,60,63,67,74,77,78,78,78
2014/11/5,豐原,SO2,1.5,1.1,1.2,1.2,1,1.1,1.3,1.6,2.5,1.7,1.2,1,1.4,4.6,3.5,6.4,9.6,2.5,2.5,1.8,1.6,1.6,1.6,1.7
2014/11/5,豐原,THC,1.9,1.9,1.9,1.9,1.9,1.9,2,2.1,2.2,1.9,2,2.1,2,1.9,1.9,1.9,2,2,1.9,1.9,1.9,1.9,1.9,2
2014/11/5,豐原,WD_HR,116,112,109,107,105,103,102,74,268,213,212,237,298,304,312,317,317,82,102,119,121,112,109,101
2014/11/5,豐原,WIND_DIREC,112,113,115,116,109,92,95,47,212,196,221,247,314,288,309,318,348,101,116,120,109,109,107,105
2014/11/5,豐原,WIND_SPEED,2.2,1.9,1.8,1.7,1.6,1.1,1.6,0.8,1.9,2,2.9,2.4,3.4,2.6,3,3.5,1.9,1.6,1.1,2.7,2.1,2.2,2,1.6
2014/11/5,豐原,WS_HR,2,1.6,1.7,1.6,1.5,1.4,1.4,0.8,0.5,1.4,2.1,2.1,2.3,2.6,2.7,2.5,1.9,1,1.6,2,2.2,2,1.7,1.2
2014/11/6,豐原,AMB_TEMP,21,21,21,20,19,19,19,20,23,24,26,27,27,26,25,25,24,22,21,21,20,20,20,20
2014/11/6,豐原,CH4,1.8,1.8,1.8,1.8,1.8,1.8,1.8,1.8,1.8,1.8,1.8,1.8,1.8,1.8,1.7,1.7,1.7,1.7,1.7,1.7,1.7,1.7,1.7,1.7
2014/11/6,豐原,CO,0.38,0.36,0.33,0.34,0.33,0.38,0.46,0.74,0.43,0.31,0.32,0.33,0.34,0.33,0.29,0.26,0.29,0.38,0.3,0.3,0.31,0.25,0.29,0.29
2014/11/6,豐原,NMHC,0.12,0.12,0.17,0.19,0.14,0.19,0.28,0.23,0.14,0.14,0.07,0.11,0.09,0.13,0.13,0.22,0.19,0.16,0.26,0.24,0.16,0.06,0.12,0.1
2014/11/6,豐原,NO,1.8,1.6,1.6,0.9,0.7,0.6,0.8,9.7,1.4,1.8,2.4,1.3,0.8,1.1,1.5,2.3,2.5,1.3,0.6,0.5,0.8,0.6,0.6,0.6
2014/11/6,豐原,NO2,9.6,9.1,7.6,7.8,10,11,18,26,12,12,13,8.9,7.3,13,15,18,21,17,13,11,13,7.5,9.4,8.8
2014/11/6,豐原,NOx,11,11,9.1,8.7,11,12,19,36,13,14,15,10,8.1,14,17,20,24,18,14,12,14,8.1,10,9.3
2014/11/6,豐原,O3,54,54,57,47,38,36,25,20,52,57,56,58,67,79,69,58,49,38,37,34,30,37,31,31
2014/11/6,豐原,PM10,61,62,55,37,34,45,43,47,47,94,129,150,92,94,112,181,165,119,74,63,64,40,35,35
2014/11/6,豐原,PM2.5,22,18,22,18,15,5,11,19,26,23,22,20,18,20,19,26,23,28,26,29,24,23,17,18
2014/11/6,豐原,RAINFALL,NR,NR,NR,NR,NR,NR,NR,NR,NR,NR,NR,NR,NR,NR,NR,NR,NR,NR,NR,NR,NR,NR,NR,NR
2014/11/6,豐原,RH,72,71,70,77,81,80,80,74,62,46,42,41,42,49,55,56,60,64,67,69,72,73,75,77
2014/11/6,豐原,SO2,2.1,1.9,2.1,1.6,2.1,1.8,1.8,2,1.9,1.3,0.6,0.7,0.7,2.7,2.4,2.2,2.7,2.8,2.2,2.1,2,2.1,2,1.7
2014/11/6,豐原,THC,1.9,1.9,2,2,1.9,2,2.1,2,1.9,1.9,1.8,1.9,1.9,1.9,1.9,1.9,1.9,1.9,2,2,1.9,1.8,1.8,1.8
2014/11/6,豐原,WD_HR,88,106,93,105,106,103,30,52,13,11,58,312,302,284,108,96,106,82,55,21,72,86,96,108
2014/11/6,豐原,WIND_DIREC,84,112,23,58,104,40,51,57,349,35,54,302,320,263,82,111,87,15,66,36,91,106,95,122
2014/11/6,豐原,WIND_SPEED,1,1.9,0.7,1.1,1.7,1,1.3,1.2,2,2.5,2.1,4.9,4.6,5,2.9,3.1,3.1,1.2,1.8,0.8,2.3,2.1,1.1,2.4
2014/11/6,豐原,WS_HR,1.6,1.4,0.9,1.1,1.6,1.5,0.9,1,0.7,1,1.9,2.1,1,0.9,0.4,1.1,1.1,0.9,0.6,0.3,1.4,1.6,0.9,1.7
2014/11/7,豐原,AMB_TEMP,20,20,19,19,19,20,20,21,22,24,25,26,26,27,27,27,25,23,23,22,22,21,21,22
2014/11/7,豐原,CH4,1.7,1.8,1.8,1.8,1.7,1.8,1.8,1.8,1.8,1.8,1.8,1.8,1.8,1.7,1.7,1.7,1.7,1.7,1.8,1.8,1.8,1.8,1.8,1.8
2014/11/7,豐原,CO,0.31,0.31,0.29,0.28,0.31,0.35,0.35,0.54,0.62,0.41,0.37,0.37,0.38,0.34,0.34,0.35,0.38,0.43,0.51,0.56,0.45,0.47,0.5,0.72
2014/11/7,豐原,NMHC,0.14,0.31,0.21,0.18,0.12,0.17,0.14,0.16,0.26,0.2,0.14,0.11,0.1,0.08,0.12,0.15,0.18,0.21,0.3,0.36,0.23,0.2,0.21,0.37
2014/11/7,豐原,NO,0.6,0.7,0.6,1.4,1.6,1.5,1.4,2.1,4.4,2.9,2.6,2.6,2.3,1.9,2,2,2.1,1.8,1.7,1.5,1.5,1.5,1.7,1.8
2014/11/7,豐原,NO2,9,9.4,8.6,6.8,6.5,8.3,7.4,12,19,11,15,15,13,9.5,13,14,23,19,19,21,14,14,17,27
2014/11/7,豐原,NOx,9.6,10,9.1,8.1,8.1,9.7,8.8,14,23,14,17,17,15,11,15,16,25,21,21,23,16,15,18,28
2014/11/7,豐原,O3,27,24,24,29,31,30,40,35,35,56,59,72,79,79,72,67,44,35,29,22,23,24,20,15
2014/11/7,豐原,PM10,53,40,35,22,12,12,17,42,54,54,46,59,88,106,97,59,42,41,58,51,28,18,27,47
2014/11/7,豐原,PM2.5,15,19,13,11,9,9,9,6,24,37,38,32,35,37,38,27,21,18,15,22,25,29,24,24
2014/11/7,豐原,RAINFALL,NR,NR,NR,NR,NR,NR,NR,NR,NR,NR,NR,NR,NR,NR,NR,NR,NR,NR,NR,NR,NR,NR,NR,NR
2014/11/7,豐原,RH,79,80,82,82,82,80,75,71,68,59,54,50,46,44,45,46,53,61,65,68,72,73,75,72
2014/11/7,豐原,SO2,1.2,1.5,1.5,1.5,1.5,1.6,1.9,2.5,2.5,1.8,3.1,2.1,2.4,3,3.5,3.6,6.5,2.7,2.5,2,1.6,1.7,2.3,3.9
2014/11/7,豐原,THC,1.9,2.1,2,1.9,1.9,1.9,1.9,1.9,2,2,1.9,1.9,1.9,1.8,1.9,1.9,1.9,2,2.1,2.1,2,2,2,2.2
2014/11/7,豐原,WD_HR,102,89,102,108,104,96,87,87,49,335,315,335,312,304,300,310,315,316,55,89,119,111,111,127
2014/11/7,豐原,WIND_DIREC,116,112,86,103,343,87,96,46,55,288,24,310,315,313,318,311,318,310,52,106,119,115,81,166
2014/11/7,豐原,WIND_SPEED,1.4,1.1,1.3,1.4,0.9,1.2,1.7,1.3,1.5,1.5,2.3,2.4,2.3,2.7,1.8,2.8,2.8,1.7,0.7,0.9,1.7,1.6,1.1,1.9
2014/11/7,豐原,WS_HR,1.2,0.6,1.2,1.2,1.3,1.1,1.5,1.3,0.9,0.6,2.3,0.7,2,2.3,1.7,2.6,2.4,1.8,0.5,0.8,1.4,1.1,1.1,1
2014/11/8,豐原,AMB_TEMP,22,22,22,22,21,20,20,22,23,24,25,26,26,24,23,23,24,23,23,22,21,21,21,21
2014/11/8,豐原,CH4,1.8,1.8,1.8,1.8,1.8,1.8,1.8,1.8,1.8,1.8,1.8,1.8,1.8,1.9,1.8,1.8,1.8,1.8,1.8,1.8,1.8,1.7,1.7,1.7
2014/11/8,豐原,CO,0.69,0.6,0.5,0.43,0.4,0.46,0.61,0.52,0.51,0.55,0.62,0.52,0.58,0.62,0.52,0.42,0.51,0.62,0.64,0.63,0.49,0.27,0.25,0.24
2014/11/8,豐原,NMHC,0.29,0.29,0.13,0.11,0.1,0.12,0.18,0.15,0.15,0.18,0.21,0.15,0.19,0.18,0.19,0.17,0.17,0.17,0.25,0.28,0.2,0.08,0.05,0.06
2014/11/8,豐原,NO,2,1.8,1.5,1,1,1,1.3,1.4,1.7,1.7,2.1,1.9,1,1,1.2,1.3,1.4,1.1,1.1,1,0.9,1.1,0.9,1
2014/11/8,豐原,NO2,21,18,13,8.6,7.5,9.7,12,9.2,14,14,17,12,15,19,19,20,22,15,17,21,17,8.2,6.8,6.2
2014/11/8,豐原,NOx,23,20,14,9.6,8.4,11,13,11,16,16,19,14,16,20,20,21,23,16,18,22,18,9.3,7.7,7.2
2014/11/8,豐原,O3,27,42,60,61,49,38,32,43,44,54,65,80,92,99,70,66,63,65,58,45,45,45,40,38
2014/11/8,豐原,PM10,67,80,103,101,88,71,70,63,53,60,78,74,88,114,152,143,138,133,139,132,117,95,51,31
2014/11/8,豐原,PM2.5,32,41,50,46,45,36,35,36,33,29,34,32,44,64,94,88,70,71,81,83,63,53,38,29
2014/11/8,豐原,RAINFALL,NR,NR,NR,NR,NR,NR,NR,NR,NR,NR,NR,NR,NR,NR,NR,NR,NR,NR,NR,NR,NR,NR,NR,NR
2014/11/8,豐原,RH,70,70,69,73,79,83,84,75,67,63,58,50,56,68,74,73,72,73,73,79,83,85,85,84
2014/11/8,豐原,SO2,7.1,5,9.6,5.9,2.8,2.7,2.7,2.9,2.8,3.4,4,2.6,3.7,7.6,6.7,4.9,4.6,4,4,4.4,3.7,2.3,2,1.9
2014/11/8,豐原,THC,2.1,2.1,1.9,1.9,1.9,1.9,2,1.9,1.9,2,2,1.9,2,2,2,2,2,2,2.1,2.1,2,1.8,1.8,1.8
2014/11/8,豐原,WD_HR,187,169,181,155,109,116,112,85,65,231,209,210,266,299,314,348,49,93,44,0.8,24,88,84,88
2014/11/8,豐原,WIND_DIREC,198,164,191,117,110,120,108,79,40,236,190,227,300,310,303,350,67,98,357,316,79,90,91,83
2014/11/8,豐原,WIND_SPEED,1.8,1.6,2.4,1.9,1.7,2.1,1.7,1.7,0.9,1.6,2.8,2.5,3.5,3.1,2.4,1,1.6,1.7,1.1,2.7,2,2.7,2.5,2.2
2014/11/8,豐原,WS_HR,1.7,1.3,1.8,1.1,1.5,1.9,1.8,1.6,0.7,0.8,2.1,2.3,2,2.5,2,0.6,1.1,1.7,0.4,0.8,0.5,1.1,1.2,1.2
2014/11/9,豐原,AMB_TEMP,21,21,21,21,21,21,21,21,21,22,22,22,22,22,23,23,22,21,21,20,20,20,19,19
2014/11/9,豐原,CH4,1.7,1.7,1.7,1.7,1.7,1.7,1.7,1.7,1.7,1.7,1.7,1.7,1.7,1.7,1.7,1.7,1.7,1.7,1.7,1.7,1.7,1.7,1.7,1.8
2014/11/9,豐原,CO,0.24,0.22,0.21,0.21,0.22,0.22,0.24,0.24,0.24,0.25,0.24,0.24,0.23,0.21,0.22,0.24,0.23,0.26,0.23,0.23,0.24,0.25,0.3,0.3
2014/11/9,豐原,NMHC,0.16,0.06,0.06,0.14,0.07,0.13,0.1,0.07,0.05,0.06,0.05,0.06,0.06,0.03,0.04,0.07,0.05,0.05,0.04,0.04,0.04,0.07,0.11,0.11
2014/11/9,豐原,NO,0.6,0.6,0.7,1.8,1.6,1.5,1.5,1.5,1.5,1.7,1.7,1.9,1.8,1.6,1.8,1.6,1.5,1.4,1.6,1.3,1.5,1.6,1.9,1.9
2014/11/9,豐原,NO2,5.8,5.1,4.6,4.8,4.9,4.9,5.2,5.5,6,5.8,6,7.5,7,5.3,5,5.1,5.5,6.7,5.3,5.3,6.5,6.5,9.2,9
2014/11/9,豐原,NOx,6.3,5.8,5.3,6.6,6.4,6.5,6.7,7,7.4,7.5,7.7,9.4,8.8,6.9,6.7,6.8,7,8.2,7,6.6,8,8,11,11
2014/11/9,豐原,O3,36,35,35,33,32,31,30,31,33,36,38,39,42,45,45,42,38,34,36,34,30,27,16,14
2014/11/9,豐原,PM10,23,25,21,22,35,32,19,15,20,19,19,24,24,29,33,48,41,32,17,9,5,8,24,22
2014/11/9,豐原,PM2.5,24,24,19,15,6,1,0,1,1,5,7,9,9,5,8,4,11,6,6,0,5,6,10,4
2014/11/9,豐原,RAINFALL,NR,NR,NR,NR,NR,NR,NR,NR,NR,NR,NR,NR,NR,NR,NR,NR,NR,NR,NR,NR,NR,NR,NR,NR
2014/11/9,豐原,RH,85,87,87,87,87,87,87,86,85,81,82,83,82,79,74,74,77,83,82,83,84,85,88,88
2014/11/9,豐原,SO2,1.6,1.3,1.4,1.3,1.3,1.4,1.3,1.4,1.3,1.2,1.1,1.1,0.9,1.2,1,1,0.9,1.2,1.5,1.5,1.4,1.4,1.3,1.8
2014/11/9,豐原,THC,1.9,1.8,1.8,1.9,1.8,1.9,1.8,1.8,1.8,1.8,1.8,1.8,1.8,1.7,1.7,1.8,1.8,1.8,1.7,1.7,1.8,1.8,1.8,1.9
2014/11/9,豐原,WD_HR,75,79,78,58,60,53,34,70,51,52,62,0.5,335,78,62,13,74,65,74,82,58,55,99,209
2014/11/9,豐原,WIND_DIREC,81,66,88,61,65,52,17,73,6.4,88,348,292,59,77,256,86,75,56,83,67,51,74,105,292
2014/11/9,豐原,WIND_SPEED,2,1.8,2,1.3,1.8,1.9,1.6,2.4,1.3,2.4,2.7,2.8,2.6,3.6,3.4,2.9,2.1,2.9,3.1,1.9,1.7,0.9,1.3,1.7
2014/11/9,豐原,WS_HR,0.6,0.8,1,0.5,0.7,0.6,0.5,1,0.6,0.5,0.3,0.3,0.4,1.9,1.9,0.3,1.3,1.7,1.6,1.3,1.3,0.9,0.8,0.7
2014/11/10,豐原,AMB_TEMP,19,18,18,18,18,18,18,19,22,24,24,26,27,27,27,25,24,23,22,22,22,22,21,20
2014/11/10,豐原,CH4,1.8,1.7,1.7,1.7,1.7,1.7,1.7,1.8,1.7,1.7,1.7,1.7,1.7,1.7,1.7,1.7,1.7,1.7,1.8,1.6,1.6,1.7,1.7,1.7
2014/11/10,豐原,CO,0.24,0.22,0.2,0.19,0.2,0.25,0.33,0.5,0.41,0.37,0.28,0.3,0.35,0.34,0.35,0.31,0.3,0.35,0.41,0.27,0.38,0.65,0.53,0.63
2014/11/10,豐原,NMHC,0.07,0.06,0.05,0.05,0.04,0.12,0.11,0.16,0.16,0.21,0.12,0.08,0.09,0.1,0.14,0.15,0.1,0.12,0.2,0.06,0.26,0.42,0.29,0.33
2014/11/10,豐原,NO,1.7,1.2,1.4,1.3,1.4,1.7,2.8,8.1,6,5.8,4.7,2.3,2.1,1.5,1.6,2.2,1.7,1.5,1.6,1.4,1.2,2.2,2.1,2.1
2014/11/10,豐原,NO2,10,6.6,3.8,3.6,4.8,7,8.3,13,11,15,12,6.9,7.8,7.4,12,14,9.8,9,17,6.7,12,24,27,25
2014/11/10,豐原,NOx,12,7.8,5.2,4.9,6.2,8.8,11,21,17,21,16,9.2,9.8,8.9,14,16,12,10,18,8.1,14,27,29,27
2014/11/10,豐原,O3,18,18,20,17,14,8.7,11,8.7,19,22,34,51,62,66,68,58,52,43,29,40,31,12,6.2,6
2014/11/10,豐原,PM10,20,9,6,5,5,11,11,9,20,33,38,42,42,57,67,75,60,53,33,22,23,32,36,49
2014/11/10,豐原,PM2.5,3,0,0,0,0,0,0,0,4,12,12,18,18,21,32,33,21,13,1,4,5,14,18,19
2014/11/10,豐原,RAINFALL,NR,NR,NR,NR,NR,NR,NR,NR,NR,NR,NR,NR,NR,NR,NR,NR,NR,NR,NR,NR,NR,NR,NR,NR
2014/11/10,豐原,RH,90,89,87,85,82,83,79,74,59,53,60,55,50,48,53,59,61,66,70,69,71,74,77,80
2014/11/10,豐原,SO2,3.3,2,1.8,1.8,2.1,1.8,2,2.3,1.9,3,3.1,2,1.9,1.9,2.1,2.6,1.6,1.8,2.2,1.9,2,3.3,3.7,2.5
2014/11/10,豐原,THC,1.8,1.8,1.8,1.8,1.8,1.9,1.8,1.9,1.9,1.9,1.9,1.8,1.8,1.8,1.8,1.9,1.8,1.8,1.9,1.7,1.9,2.1,2,2.1
2014/11/10,豐原,WD_HR,56,84,66,78,133,89,94,50,72,301,317,289,245,290,309,308,63,56,54,98,50,221,302,94
2014/11/10,豐原,WIND_DIREC,62,92,57,91,57,80,80,78,239,302,314,231,283,291,304,81,56,49,66,92,79,285,49,112
2014/11/10,豐原,WIND_SPEED,1.1,2.1,1.2,1.7,0.7,0.9,1.7,1.4,1.1,1.8,2.4,1.4,1.9,1.9,3.7,2.6,2,1.9,1.4,2.2,1,1.8,0.5,1.6
2014/11/10,豐原,WS_HR,0.3,1.4,1.2,1.4,1.1,0.7,1.2,0.7,0.6,0.8,1.5,0.6,0.7,1.4,2,1.2,1.7,1.6,0.7,2.7,0.8,0.6,0.5,1.1
2014/11/11,豐原,AMB_TEMP,20,19,20,20,19,19,19,20,22,24,25,25,26,26,26,25,24,22,22,22,21,20,20,20
2014/11/11,豐原,CH4,1.7,1.7,1.7,1.7,1.7,1.7,1.7,1.7,1.8,1.8,1.7,1.7,1.7,1.7,1.7,1.7,1.7,1.7,1.7,1.7,1.7,1.7,1.7,1.7
2014/11/11,豐原,CO,0.4,0.36,0.33,0.31,0.29,0.34,0.46,0.76,1.2,0.94,0.68,0.45,0.4,0.36,0.3,0.32,0.35,0.43,0.36,0.42,0.46,0.39,0.45,0.43
2014/11/11,豐原,NMHC,0.16,0.18,0.1,0.12,0.12,0.13,0.26,0.3,0.57,0.54,0.36,0.2,0.15,0.15,0.15,0.2,0.25,0.23,0.12,0.18,0.19,0.12,0.22,0.22
2014/11/11,豐原,NO,1.8,1.8,1.5,0.8,0.7,0.6,1.3,3.3,6.4,4.4,3.1,1.7,1.1,1.4,1,1.4,1.4,1.9,0.9,0.6,0.9,0.5,0.5,0.6
2014/11/11,豐原,NO2,12,12,8.9,7.5,7,9,14,18,32,30,28,17,14,16,11,16,24,26,14,14,16,11,12,15
2014/11/11,豐原,NOx,13,13,10,8.3,7.7,9.5,15,21,38,35,31,18,15,17,12,18,26,28,15,15,16,11,12,15
2014/11/11,豐原,O3,17,13,21,24,25,22,14,20,28,48,62,78,73,75,75,66,48,34,49,42,35,35,29,23
2014/11/11,豐原,PM10,35,48,25,22,10,26,33,37,43,82,100,120,114,99,63,35,39,60,57,53,32,30,22,31
2014/11/11,豐原,PM2.5,11,6,14,12,12,0,2,7,12,23,36,44,47,44,39,32,17,19,27,41,45,41,40,28
2014/11/11,豐原,RAINFALL,NR,NR,NR,NR,NR,NR,NR,NR,NR,NR,NR,NR,NR,NR,NR,NR,NR,NR,NR,NR,NR,NR,NR,NR
2014/11/11,豐原,RH,84,85,84,85,86,86,87,80,73,64,60,57,55,56,55,57,66,72,69,71,75,80,81,81
2014/11/11,豐原,SO2,1.7,1.7,1.5,1.4,1.3,1.4,1.5,2.6,3.2,2.6,2.1,1.9,2.6,4,2.1,2.8,6.1,2.5,2.1,2.1,1.9,2.1,1.9,2.1
2014/11/11,豐原,THC,1.8,1.9,1.8,1.8,1.8,1.8,2,2,2.4,2.4,2.1,1.9,1.9,1.8,1.8,1.9,1.9,1.9,1.8,1.9,1.9,1.8,1.9,1.9
2014/11/11,豐原,WD_HR,120,94,106,109,108,111,101,138,225,239,289,299,307,313,318,319,311,32,87,102,119,115,100,79
2014/11/11,豐原,WIND_DIREC,80,82,104,101,105,195,120,206,162,257,305,297,312,332,343,326,319,42,68,64,100,109,76,105
2014/11/11,豐原,WIND_SPEED,0.8,1.4,1.2,1.1,1.7,0.9,2.3,1.1,1,1.9,2.5,2.4,3.6,3.4,2.2,3,2.6,1,2.1,1,0.9,1.8,0.7,1.9
2014/11/11,豐原,WS_HR,1.2,0.6,1.4,1.3,1.6,1,1.2,0.4,0.5,1.5,1.8,1.9,2.8,2.3,1.6,1.6,2.1,0.6,2.4,1.2,1.3,1.8,1.1,0.7
2014/11/12,豐原,AMB_TEMP,21,21,21,21,22,21,20,20,21,22,22,23,23,22,22,22,21,21,20,20,20,19,19,19
2014/11/12,豐原,CH4,1.7,1.7,1.7,1.7,1.7,1.7,1.7,1.7,1.7,1.7,1.7,1.7,1.7,1.7,1.7,1.7,1.7,1.7,1.7,1.7,1.7,1.7,1.7,1.7
2014/11/12,豐原,CO,0.34,0.33,0.3,0.24,0.25,0.29,0.4,0.51,0.39,0.33,0.31,0.28,0.3,0.3,0.3,0.33,0.41,0.45,0.39,0.35,0.34,0.35,0.45,0.39
2014/11/12,豐原,NMHC,0.27,0.25,0.26,0.09,0.03,0.17,0.18,0.18,0.14,0.15,0.11,0.09,0.08,0.14,0.11,0.14,0.22,0.17,0.15,0.08,0.1,0.07,0.13,0.07
2014/11/12,豐原,NO,0.7,0.3,0.5,2,1.7,1.7,3.5,4.9,6.5,13,3.5,3.1,2.3,5,4,3.2,6.6,3.3,2.1,1.9,1.7,1.6,1.7,1.8
2014/11/12,豐原,NO2,8.8,9.6,8.4,3.6,3,10,23,18,13,16,8.3,7.3,6.9,14,13,13,21,17,14,8.6,8.1,6.8,7,6.3
2014/11/12,豐原,NOx,9.5,9.9,8.8,5.5,4.6,12,26,23,19,29,12,10,9.2,19,17,16,28,21,16,11,9.8,8.3,8.7,8.1
2014/11/12,豐原,O3,29,27,25,34,41,23,6.2,10,18,17,28,35,38,33,34,31,23,22,24,29,27,29,30,31
2014/11/12,豐原,PM10,39,40,29,17,23,22,44,43,47,34,37,37,30,32,40,48,58,62,56,29,12,4,5,12
2014/11/12,豐原,PM2.5,21,16,26,18,11,6,7,12,4,6,1,1,0,6,18,30,30,18,11,10,21,17,18,14
2014/11/12,豐原,RAINFALL,NR,NR,NR,NR,NR,NR,NR,NR,NR,NR,NR,NR,NR,NR,NR,NR,NR,NR,NR,NR,NR,NR,NR,NR
2014/11/12,豐原,RH,78,78,79,65,63,71,74,74,69,66,67,64,66,68,73,74,75,77,78,78,78,78,80,81
2014/11/12,豐原,SO2,1.7,1.6,1.5,1.2,1.8,3,5.3,2.4,1.5,1.5,1.2,0.8,0.8,1.4,1.3,1.7,1.7,1.6,1.5,1.4,1.4,1.4,2.2,1.8
2014/11/12,豐原,THC,2,2,2,1.8,1.7,1.9,1.9,1.9,1.8,1.8,1.8,1.8,1.7,1.8,1.8,1.8,1.9,1.8,1.8,1.8,1.8,1.8,1.9,1.8
2014/11/12,豐原,WD_HR,55,28,46,81,83,339,352,13,71,358,315,316,342,61,66,78,64,73,74,76,67,63,68,59
2014/11/12,豐原,WIND_DIREC,47,71,55,58,118,315,208,54,91,317,313,320,67,82,62,296,71,69,77,76,80,61,80,69
2014/11/12,豐原,WIND_SPEED,0.9,1.6,0.9,3.8,0.9,2,0.8,1.5,1.9,2.7,2.3,3.6,2.2,2.5,1.4,2.7,2.4,1.9,2.6,2.2,2.2,2.4,1.9,2.2
2014/11/12,豐原,WS_HR,0.6,0.5,0.7,2.6,2.1,0.9,0.2,0.7,1.1,0.7,1.4,1.7,1,0.3,1.2,0.7,1,0.9,1.2,1.1,0.9,1.1,0.8,1.9
2014/11/13,豐原,AMB_TEMP,19,19,19,18,18,18,18,18,19,20,20,21,21,22,22,23,22,20,19,19,18,18,18,18
2014/11/13,豐原,CH4,1.7,1.7,1.7,1.7,1.7,1.7,1.7,1.7,1.7,1.7,1.7,1.7,1.7,1.7,1.7,1.7,1.7,1.8,1.7,1.7,1.7,1.7,1.7,1.7
2014/11/13,豐原,CO,0.4,0.41,0.45,0.46,0.52,0.52,0.52,0.54,0.48,0.46,0.45,0.43,0.4,0.38,0.37,0.4,0.49,0.62,0.5,0.42,0.4,0.41,0.45,0.37
2014/11/13,豐原,NMHC,0.07,0.08,0.08,0.08,0.1,0.07,0.06,0.07,0.08,0.11,0.12,0.13,0.1,0.09,0.17,0.18,0.18,0.25,0.26,0.22,0.1,0.14,0.22,0.13
2014/11/13,豐原,NO,1.7,1.9,1.8,1.6,1.2,1.3,1.3,1.5,1.3,2.8,2.9,2.5,1.8,2.4,2.2,1.9,1.8,1.8,1.6,1.2,1.3,1.4,1.5,1.3
2014/11/13,豐原,NO2,5,4.8,4.6,4.5,4.6,4.5,4.7,6.2,6,10,11,9.6,7.9,8.7,6.7,8.3,13,19,12,9.8,7.6,8.5,12,8.7
2014/11/13,豐原,NOx,6.7,6.7,6.4,6,5.8,5.8,6.1,7.7,7.3,13,14,12,9.7,11,8.9,10,15,21,14,11,8.9,9.9,13,9.9
2014/11/13,豐原,O3,29,28,30,29,33,37,41,42,42,35,33,40,44,45,47,45,38,25,28,28,25,22,16,18
2014/11/13,豐原,PM10,22,22,21,12,25,23,31,45,51,43,27,24,26,37,28,32,17,39,46,50,28,25,26,48
2014/11/13,豐原,PM2.5,14,11,14,14,10,4,9,14,10,17,11,17,8,14,16,26,33,33,37,26,21,18,24,20
2014/11/13,豐原,RAINFALL,0.2,NR,NR,NR,NR,NR,NR,NR,NR,NR,NR,NR,NR,NR,NR,NR,NR,NR,NR,0.8,NR,NR,NR,NR
2014/11/13,豐原,RH,84,83,83,84,85,84,81,77,74,72,73,68,67,64,61,61,63,68,71,78,84,86,86,86
2014/11/13,豐原,SO2,1,1.6,2,2,2.1,2.2,2.2,1.8,1.4,1.1,1.1,1.3,1.3,1.4,1.5,1.5,2.5,2.7,2,1.8,1.7,1.6,1.6,1.5
2014/11/13,豐原,THC,1.8,1.8,1.8,1.8,1.8,1.8,1.8,1.8,1.8,1.8,1.8,1.9,1.8,1.8,1.9,1.9,1.9,2,2,2,1.8,1.9,2,1.9
2014/11/13,豐原,WD_HR,63,59,64,60,61,59,72,67,65,68,43,316,312,331,313,322,313,320,319,52,53,15,344,18
2014/11/13,豐原,WIND_DIREC,59,62,77,58,53,56,71,69,72,65,312,313,298,335,315,317,304,306,345,67,29,329,31,17
2014/11/13,豐原,WIND_SPEED,1.9,2.3,1.8,1.7,2.3,2.9,2.7,3,2.9,1.9,1.4,3.1,2.9,1.9,2.3,2.2,2.5,2.1,1.4,1.4,1.6,0.6,1.1,1.3
2014/11/13,豐原,WS_HR,1.6,1.3,1.6,1.2,1.2,1.6,1.5,2.1,2.3,1.3,0.7,1.7,2.2,1.3,1.6,1.6,1.7,0.9,0.7,0.9,0.8,0.5,0.5,0.4
2014/11/14,豐原,AMB_TEMP,18,18,18,18,18,18,18,19,20,22,23,23,23,22,22,21,20,20,19,19,19,19,18,18
2014/11/14,豐原,CH4,1.7,1.7,1.7,1.7,1.8,1.8,1.8,1.8,1.7,1.7,1.7,1.7,1.7,1.6,1.7,1.7,1.6,1.7,1.7,1.7,1.7,1.7,1.7,1.7
2014/11/14,豐原,CO,0.33,0.33,0.32,0.32,0.37,0.42,0.46,0.88,0.75,0.5,0.31,0.31,0.29,0.25,0.25,0.29,0.25,0.38,0.37,0.37,0.37,0.41,0.52,0.48
2014/11/14,豐原,NMHC,0.08,0.09,0.1,0.1,0.25,0.23,0.17,0.32,0.3,0.24,0.14,0.12,0.1,0.09,0.28,0.28,0.15,0.17,0.14,0.18,0.17,0.18,0.24,0.23
2014/11/14,豐原,NO,1.4,1.2,1.1,1.4,1.2,1.9,3.6,23,24,12,4.3,4.7,1.4,1.4,1.6,2.9,1.6,1.8,1.3,1.1,1.4,1.3,5.7,3.3
2014/11/14,豐原,NO2,5.3,5.6,6.5,5.5,8.5,13,11,17,19,15,12,17,9.9,9.9,8.9,16,10,17,13,16,14,14,17,15
2014/11/14,豐原,NOx,6.6,6.8,7.6,6.9,9.7,15,15,40,43,27,17,22,11,11,11,19,12,19,14,17,16,15,23,19
2014/11/14,豐原,O3,22,17,16,16,9.9,4.6,4.7,3.4,4.8,16,28,34,43,44,0,0,32,24,22,13,12,10,3,2.3
2014/11/14,豐原,PM10,41,46,34,28,9,6,6,22,31,50,44,35,20,37,37,44,32,36,37,30,34,27,37,21
2014/11/14,豐原,PM2.5,9,6,6,5,0,4,7,9,12,14,19,13,11,9,6,3,3,13,19,15,4,7,12,13
2014/11/14,豐原,RAINFALL,NR,NR,NR,NR,0.2,NR,NR,NR,NR,NR,NR,NR,NR,NR,NR,NR,NR,NR,NR,NR,NR,NR,NR,NR
2014/11/14,豐原,RH,86,88,88,87,88,90,91,87,82,75,64,60,62,65,69,76,79,82,83,86,86,86,88,89
2014/11/14,豐原,SO2,1.8,2.1,2.2,2,2.4,3.2,2.5,2.4,3.2,2.5,2.7,4.1,1.5,1,1.6,1.8,1.2,2,1.5,1.6,1.7,1.8,3.6,4
2014/11/14,豐原,THC,1.8,1.8,1.8,1.8,2,2,1.9,2.1,2,2,1.8,1.8,1.8,1.7,1.9,1.9,1.8,1.8,1.8,1.8,1.9,1.9,2,2
2014/11/14,豐原,WD_HR,77,52,52,87,203,83,75,358,28,355,315,311,316,324,332,38,53,54,71,61,17,65,152,124
2014/11/14,豐原,WIND_DIREC,45,353,76,47,192,57,37,28,46,295,311,306,313,333,22,39,58,74,332,60,327,175,104,329
2014/11/14,豐原,WIND_SPEED,1,0.7,1.2,0.7,0.8,0.8,0.7,0.7,1.2,2.4,3.1,2.8,2.3,1.3,1.2,1.4,1.7,1.9,2.1,2.1,1.2,0.8,1,0.6
2014/11/14,豐原,WS_HR,1.2,0.4,0.7,0.7,0.2,0.3,0.8,0.4,0.4,0.7,2.3,2.4,1.8,1.1,0.9,0.6,1.4,1.2,0.7,0.9,0.6,0.3,0.6,0.3
2014/11/15,豐原,AMB_TEMP,18,18,18,18,18,18,18,19,21,22,23,23,22,23,23,22,22,21,21,22,20,20,21,20
2014/11/15,豐原,CH4,1.8,1.8,1.7,1.7,1.7,1.7,1.7,1.7,1.8,1.7,1.7,1.7,1.7,1.7,1.7,1.7,1.7,1.7,1.7,1.6,1.7,1.6,1.6,1.6
2014/11/15,豐原,CO,0.5,0.42,0.34,0.27,0.26,0.34,0.47,0.82,1,0.78,0.63,0.52,0.4,0.43,0.46,0.6,0.69,0.86,0.63,0.45,0.53,0.3,0.19,0.28
2014/11/15,豐原,NMHC,0.27,0.25,0.14,0.1,0.09,0.13,0.15,0.31,0.43,0.39,0.28,0.27,0.18,0.18,0.25,0.26,0.36,0.42,0.25,0.15,0.19,0.08,0.03,0.11
2014/11/15,豐原,NO,5.8,4.6,3.3,2.1,1.8,2.5,3.7,7.7,16,8,4.1,5.3,5.5,7.9,5.8,3.3,3.3,4,2.3,2,2.8,1.9,1.6,1.7
2014/11/15,豐原,NO2,16,15,11,6.5,5.4,9,9.6,14,24,24,20,25,23,30,29,30,34,36,26,18,25,9.5,4.5,9
2014/11/15,豐原,NOx,22,19,14,8.6,7.2,12,13,22,41,32,24,30,29,37,35,33,37,40,28,20,28,11,6.1,11
2014/11/15,豐原,O3,1.3,1.2,3.4,8,10,7.2,6.2,8.3,12,24,35,25,22,18,23,29,21,11,16,21,11,24,31,16
2014/11/15,豐原,PM10,15,15,20,20,5,14,17,22,24,29,42,58,62,57,54,87,127,133,125,83,72,40,31,26
2014/11/15,豐原,PM2.5,9,4,6,1,1,0,0,0,4,6,6,0,2,14,34,54,69,66,59,36,33,18,11,0
2014/11/15,豐原,RAINFALL,NR,NR,NR,0.2,NR,NR,NR,NR,NR,NR,NR,NR,NR,NR,NR,NR,NR,NR,0.2,0.2,NR,NR,NR,NR
2014/11/15,豐原,RH,89,90,90,91,91,91,90,84,76,69,63,69,69,67,67,69,75,82,82,75,84,79,68,79
2014/11/15,豐原,SO2,3.1,3.5,3.8,2.3,2.4,2.8,2.3,4.4,3.7,3,2.2,3.2,4.6,7.7,4.4,5.7,4.2,3.5,3.2,2.2,3.1,1.8,1.4,1.5
2014/11/15,豐原,THC,2,2,1.8,1.8,1.8,1.8,1.8,2,2.2,2.1,2,2,1.9,1.9,1.9,2,2.1,2.1,1.9,1.8,1.9,1.7,1.6,1.7
2014/11/15,豐原,WD_HR,352,131,118,110,104,132,108,162,228,358,22,309,311,326,312,83,90,112,90,88,72,86,99,44
2014/11/15,豐原,WIND_DIREC,347,148,156,165,43,53,123,360,206,309,296,316,286,310,302,290,104,123,86,360,100,57,95,45
2014/11/15,豐原,WIND_SPEED,0.8,1.1,1.4,1.4,0.6,0.8,1.5,1.2,1.2,1.1,1.4,1.7,1,2.1,2.4,1,1.8,2.5,2.9,1.5,1.4,1.4,3.4,2.2
2014/11/15,豐原,WS_HR,0.4,0.4,0.7,0.9,1.2,0.9,1.3,0.5,0.6,0.1,0.4,1.5,1.2,0.9,1.3,0.5,0.8,1.4,2,1.5,1.1,1.5,3.3,1.1
2014/11/16,豐原,AMB_TEMP,20,19,18,18,18,19,18,20,21,23,24,25,26,26,25,24,23,22,22,22,22,22,21,21
2014/11/16,豐原,CH4,1.6,1.6,1.7,1.7,1.7,1.7,1.7,1.7,1.6,1.6,1.6,1.6,1.6,1.7,1.7,1.6,1.6,1.6,1.6,1.7,1.7,1.7,1.6,1.6
2014/11/16,豐原,CO,0.24,0.22,0.26,0.24,0.19,0.2,0.33,0.28,0.2,0.18,0.19,0.2,0.23,0.26,0.29,0.23,0.22,0.24,0.25,0.26,0.26,0.25,0.2,0.19
2014/11/16,豐原,NMHC,0.07,0.05,0.12,0.12,0.08,0.04,0.13,0.07,0.03,0.03,0.03,0.04,0.05,0.06,0.07,0.06,0.06,0.06,0.08,0.08,0.07,0.07,0.06,0.05
2014/11/16,豐原,NO,2.1,1.8,1.8,1.5,1.3,1.3,2.5,2.4,1.7,1.8,1.7,1.6,1.5,1.3,1.2,1.4,1.6,1.3,1.3,1.5,1.4,1.4,1.1,0.8
2014/11/16,豐原,NO2,7,6.3,10,10,9.1,7.4,15,9.4,4.9,4.4,4,4.5,5,6.7,8.3,9.1,9.4,11,12,12,12,11,7.8,7.7
2014/11/16,豐原,NOx,9.1,8,12,11,10,8.6,17,12,6.6,6.1,5.8,6.1,6.5,8,9.5,10,11,12,13,14,13,13,8.9,8.6
2014/11/16,豐原,O3,20,20,8.1,7.3,17,20,9.9,24,33,35,34,41,48,54,51,39,33,30,27,24,23,23,26,26
2014/11/16,豐原,PM10,35,34,14,2,12,17,17,4,25,32,32,15,18,44,57,65,60,47,35,41,33,31,14,23
2014/11/16,豐原,PM2.5,0,0,0,0,1,1,13,19,23,14,5,5,11,16,18,18,18,-1,-1,-1,-1,-1,-1,-1
2014/11/16,豐原,RAINFALL,NR,NR,NR,NR,NR,NR,NR,NR,NR,NR,NR,NR,NR,NR,NR,NR,NR,NR,NR,NR,NR,NR,NR,NR
2014/11/16,豐原,RH,79,79,88,90,88,85,87,83,73,63,57,58,57,58,62,69,77,76,78,78,79,78,80,83
2014/11/16,豐原,SO2,1.2,1.9,2.6,2.4,2.6,2.4,2.3,1.8,1.5,0.9,0.4,0.1,0.5,1.5,1.6,2.1,2,2.2,2.3,2.3,2.1,1.8,1.6,1.6
2014/11/16,豐原,THC,1.7,1.7,1.8,1.8,1.7,1.7,1.8,1.7,1.7,1.7,1.7,1.7,1.7,1.7,1.7,1.7,1.7,1.7,1.7,1.7,1.7,1.7,1.7,1.7
2014/11/16,豐原,WD_HR,78,62,79,78,57,62,49,52,53,321,294,70,304,330,92,76,291,95,79,88,83,57,72,56
2014/11/16,豐原,WIND_DIREC,102,327,111,66,70,53,49,58,55,301,292,357,280,103,116,16,358,88,84,84,81,50,313,70
2014/11/16,豐原,WIND_SPEED,1.4,2.3,1.7,1.6,1.7,1.2,1.5,2.2,1.6,3.8,4.6,2.8,3.7,2.8,2.6,2.7,2.4,2.8,2.1,2.9,2,2.1,1.5,1.6
2014/11/16,豐原,WS_HR,1.3,1.1,0.8,1.1,1.4,1.4,1,1.5,1.5,1.1,1.8,0.7,2.1,0.5,1.2,1.2,0.2,1.2,0.8,1.1,1.2,1.3,0.7,0.6
2014/11/17,豐原,AMB_TEMP,21,20,20,20,20,20,20,20,20,21,21,22,22,22,22,21,21,20,19,19,18,17,17,16
2014/11/17,豐原,CH4,1.6,1.6,1.6,1.6,1.6,1.6,1.6,1.6,1.7,1.6,1.6,1.6,1.6,1.6,1.6,1.7,1.6,1.7,1.7,1.7,1.7,1.7,1.7,1.7
2014/11/17,豐原,CO,0.17,0.17,0.17,0.16,0.14,0.15,0.19,0.26,0.23,0.22,0.23,0.23,0.22,0.2,0.25,0.22,0.22,0.26,0.31,0.28,0.34,0.32,0.35,0.39
2014/11/17,豐原,NMHC,0.03,0.03,0.03,0.04,0.02,0.03,0.04,0.06,0.07,0.06,0.08,0.07,0.07,0.09,0.12,0.12,0.04,0.06,0.1,0.06,0.1,0.06,0.06,0.06
2014/11/17,豐原,NO,0.9,1,1.5,1.9,1.2,1.1,1.3,1.4,1.6,2.2,2.4,2.1,2.1,1.7,0.5,1.9,1.5,1.3,1.1,1,1.2,1.5,1.2,1.6
2014/11/17,豐原,NO2,6.1,4.8,4.7,3.5,2.7,2.8,4.4,5.8,6.1,6.8,6.9,6.8,6.3,5.4,4.7,4.7,4,4.5,7.9,4.5,6.6,5.3,4.5,4.3
2014/11/17,豐原,NOx,7,5.8,6.2,5.3,3.9,3.9,5.7,7.3,7.7,9,9.3,8.9,8.4,7,-2.4,6.6,5.4,5.8,9.1,5.5,7.8,6.7,5.7,5.8
2014/11/17,豐原,O3,29,30,30,31,35,34,32,32,32,33,33,35,0,43,35,34,37,37,34,40,37,45,51,54
2014/11/17,豐原,PM10,20,26,24,28,21,29,34,24,25,27,30,17,10,13,27,26,26,30,17,16,6,16,27,39
2014/11/17,豐原,PM2.5,-1,-1,-1,-1,-1,-1,-1,-1,-1,-1,-1,18,0,15,19,19,19,12,3,6,11,11,8,6
2014/11/17,豐原,RAINFALL,NR,NR,NR,NR,NR,NR,NR,NR,NR,NR,NR,NR,NR,NR,NR,NR,NR,0.2,0.2,NR,NR,NR,NR,NR
2014/11/17,豐原,RH,85,86,86,85,84,84,83,82,79,78,76,73,72,71,74,78,75,76,82,79,82,83,83,83
2014/11/17,豐原,SO2,1.6,1.5,1.6,1.6,1.6,1.7,1.6,1.7,1.6,1.6,1.4,1.3,1.2,1,0.8,1.3,1.3,1.8,2.1,2.3,2.1,2.4,2.8,3.2
2014/11/17,豐原,THC,1.7,1.7,1.7,1.7,1.7,1.7,1.7,1.7,1.7,1.7,1.7,1.7,1.7,1.7,1.8,1.8,1.7,1.7,1.8,1.7,1.8,1.8,1.8,1.8
2014/11/17,豐原,WD_HR,67,74,68,74,83,78,68,80,34,89,88,73,8,334,71,67,57,59,58,56,319,79,90,73
2014/11/17,豐原,WIND_DIREC,76,76,68,80,87,93,64,28,76,81,75,82,35,66,60,61,56,66,62,37,115,93,97,64
2014/11/17,豐原,WIND_SPEED,1.9,2.7,1.9,2.1,2.7,2.3,1.8,1.5,2.4,3.2,2.4,2.3,1.7,1.8,2.6,4.6,5.7,2.7,6.2,2.2,2.3,2.5,3,3.4
2014/11/17,豐原,WS_HR,0.7,1.2,1.2,0.8,1.5,0.9,0.8,0.6,0.4,1.5,1.3,1.7,0.6,0.5,1,2.9,5.4,3.6,4.1,4.8,0.6,1.2,1.4,2
2014/11/18,豐原,AMB_TEMP,17,17,17,17,17,17,17,17,19,20,22,23,24,23,22,21,20,19,19,18,18,18,18,18
2014/11/18,豐原,CH4,1.7,1.7,1.7,1.7,1.7,1.7,1.7,1.7,1.7,1.7,1.7,1.7,1.7,1.7,1.7,1.7,1.7,1.7,1.7,1.7,1.7,1.7,1.7,1.7
2014/11/18,豐原,CO,0.38,0.36,0.34,0.33,0.33,0.34,0.37,0.42,0.37,0.35,0.34,0.31,0.31,0.27,0.27,0.26,0.31,0.35,0.32,0.26,0.28,0.26,0.25,0.24
2014/11/18,豐原,NMHC,0.05,0.04,0.03,0.03,0.02,0.03,0.06,0.06,0.06,0.06,0.06,0.06,0.07,0.06,0.08,0.11,0.13,0.09,0.06,0.04,0.05,0.03,0.03,0.02
2014/11/18,豐原,NO,1.3,1.1,1.4,0.9,1,1,0.9,1,1.4,1.1,1,1.1,1.2,0.9,1,0.9,0.9,1,0.8,1.1,1.1,0.8,0.7,0.8
2014/11/18,豐原,NO2,3.5,2.7,2.2,3.2,2.2,2.6,5.7,7.9,4.8,4.2,3.6,3.7,3.4,3.3,4.3,5.6,9.5,10,9,4.1,4.8,4.4,3.3,2.5
2014/11/18,豐原,NOx,4.8,3.8,3.7,4.1,3.2,3.5,6.6,8.9,6.3,5.3,4.5,4.9,4.6,4.2,5.3,6.5,10,11,9.8,5.2,5.9,5.2,4,3.4
2014/11/18,豐原,O3,54,54,51,48,50,45,39,39,42,44,48,50,51,51,47,44,36,35,34,37,34,34,35,35
2014/11/18,豐原,PM10,38,45,48,49,35,29,20,17,28,33,37,44,53,49,47,39,44,27,16,20,12,18,7,7
2014/11/18,豐原,PM2.5,6,12,11,11,7,3,13,31,47,47,31,17,14,18,22,22,21,21,19,14,7,6,10,14
2014/11/18,豐原,RAINFALL,NR,NR,NR,NR,NR,NR,NR,NR,NR,NR,NR,NR,NR,NR,NR,NR,NR,NR,NR,NR,NR,NR,NR,NR
2014/11/18,豐原,RH,79,76,77,76,71,73,76,73,68,63,57,52,48,50,55,59,63,67,70,71,71,72,72,71
2014/11/18,豐原,SO2,2.3,2.2,2,2,2.1,2,2,1.3,1.2,0.6,0.2,-0.1,-0.3,0.3,0.7,1.6,1.6,1.2,1.4,1.7,1.5,1.5,1.4,1.7
2014/11/18,豐原,THC,1.8,1.8,1.8,1.8,1.7,1.7,1.8,1.8,1.8,1.8,1.7,1.7,1.7,1.7,1.7,1.8,1.8,1.8,1.7,1.7,1.7,1.7,1.7,1.7
2014/11/18,豐原,WD_HR,61,62,69,79,60,71,63,61,59,63,25,319,298,92,86,68,76,73,67,57,58,66,63,68
2014/11/18,豐原,WIND_DIREC,59,58,52,77,56,64,56,56,58,63,326,329,266,78,94,81,72,73,55,54,66,60,84,67
2014/11/18,豐原,WIND_SPEED,5,3.1,2,2.5,3.6,1.5,1.9,3.5,3,2.5,3.4,3,3,3.3,2.7,2.1,2.1,2.1,2.8,2,1.7,2,2.4,2.7
2014/11/18,豐原,WS_HR,3.5,2.2,1.6,1.1,3.2,1.4,0.9,1.9,2.2,2.2,1.5,1.9,1,1.5,1,1.8,1.1,1.1,1.6,2.1,1.2,1.4,1.7,2
2014/11/19,豐原,AMB_TEMP,18,18,18,18,18,18,18,19,20,22,23,24,25,24,25,24,22,21,20,19,18,19,18,18
2014/11/19,豐原,CH4,1.7,1.7,1.7,1.7,1.7,1.7,1.7,1.7,1.8,1.7,1.7,1.7,1.7,1.7,1.7,1.7,1.7,1.7,1.7,1.7,1.7,1.7,1.7,1.7
2014/11/19,豐原,CO,0.23,0.25,0.23,0.24,0.26,0.28,0.42,0.74,0.93,0.89,0.7,0.55,0.49,0.53,0.42,0.31,0.29,0.41,0.57,0.42,0.47,0.31,0.34,0.29
2014/11/19,豐原,NMHC,0.03,0.06,0.04,0.06,0.09,0.09,0.13,0.28,0.42,0.6,0.36,0.26,0.18,0.2,0.18,0.16,0.15,0.23,0.32,0.24,0.21,0.11,0.15,0.1
2014/11/19,豐原,NO,0.7,0.8,0.8,1.3,1.4,1.5,2.4,9.5,13,13,5,2.6,2.5,1.7,1.9,2.6,1.8,1.5,1.8,1.9,1.7,1.5,1.5,1.4
2014/11/19,豐原,NO2,2.4,4.3,3.1,5.8,6.9,7.1,9.5,17,25,31,23,16,15,17,16,22,14,17,26,19,19,11,14,8.4
2014/11/19,豐原,NOx,3.1,5,3.9,7.1,8.3,8.5,12,27,38,44,28,19,17,19,18,24,16,18,27,21,20,12,16,9.8
2014/11/19,豐原,O3,32,26,29,24,18,17,17,11,11,18,48,63,67,90,75,48,44,33,19,20,15,25,16,21
2014/11/19,豐原,PM10,22,28,28,8,7,7,15,16,45,74,93,94,84,104,127,117,87,40,46,38,43,27,26,23
2014/11/19,豐原,PM2.5,9,3,0,4,4,8,2,4,8,14,20,19,23,49,71,69,38,9,9,14,20,18,13,10
2014/11/19,豐原,RAINFALL,NR,NR,NR,NR,NR,NR,NR,NR,NR,NR,NR,NR,NR,NR,NR,NR,NR,NR,NR,NR,NR,NR,NR,NR
2014/11/19,豐原,RH,73,74,72,73,75,75,71,70,68,61,58,55,50,53,52,55,59,65,70,74,78,77,80,82
2014/11/19,豐原,SO2,1.7,2,1.9,1.9,2.1,2.1,2.3,2.8,3.7,5.5,3.3,2.2,1.5,3.4,3.3,6.3,1.9,1.8,1.9,1.9,2,1.8,2.2,1.9
2014/11/19,豐原,THC,1.7,1.7,1.7,1.7,1.8,1.8,1.8,2,2.2,2.3,2.1,2,1.9,1.9,1.9,1.8,1.8,1.9,2,1.9,1.9,1.8,1.8,1.8
2014/11/19,豐原,WD_HR,50,51,78,52,45,71,111,186,21,285,242,237,235,275,306,314,356,55,49,41,56,79,33,104
2014/11/19,豐原,WIND_DIREC,2.2,60,99,28,61,103,184,159,338,297,280,222,256,306,315,318,61,46,53,42,47,95,84,89
2014/11/19,豐原,WIND_SPEED,1,0.8,1.9,0.6,0.7,1.5,1.3,0.8,0.8,1.5,1.9,2.9,2.3,1.8,3.4,2.1,2.2,0.8,1.2,1,0.7,1.5,1.2,1
2014/11/19,豐原,WS_HR,1.1,0.8,1.1,0.7,0.6,0.7,0.9,0.6,0.2,1.3,1.3,2.2,2.5,1.8,2.4,2.3,0.5,0.8,0.6,0.5,0.8,1.2,0.5,0.9
2014/11/20,豐原,AMB_TEMP,19,18,17,16,16,16,17,17,19,21,22,24,25,25,25,24,23,22,21,20,20,19,18,18
2014/11/20,豐原,CH4,1.7,1.7,1.7,1.7,1.7,1.7,1.7,1.7,1.7,1.6,1.7,1.7,1.7,1.6,1.6,1.6,1.6,1.7,1.7,1.7,1.7,1.7,1.7,1.7
2014/11/20,豐原,CO,0.27,0.28,0.29,0.33,0.28,0.27,0.32,0.51,0.4,0.25,0.28,0.27,0.3,0.32,0.28,0.26,0.26,0.52,0.41,0.39,0.4,0.36,0.36,0.37
2014/11/20,豐原,NMHC,0.07,0.08,0.1,0.13,0.12,0.12,0.12,0.16,0.16,0.12,0.13,0.11,0.12,0.11,0.11,0.11,0.14,0.4,0.18,0.17,0.16,0.14,0.12,0.14
2014/11/20,豐原,NO,1.6,1.2,1.3,1.5,1.2,1.3,1.9,8.4,8.8,4.5,7.9,5.8,3.2,2.4,2.4,1.6,1.7,1.7,1.5,1.4,2.9,1.4,1.1,1.1
2014/11/20,豐原,NO2,5.8,5.9,7,9.2,8.1,8.2,11,17,15,10,19,17,16,15,14,10,14,26,20,16,17,13,10,8.9
2014/11/20,豐原,NOx,7.3,7.1,8.2,11,9.3,9.5,13,26,24,15,27,23,19,17,16,12,16,28,21,17,20,14,11,10
2014/11/20,豐原,O3,29,24,18,12,15,15,14,9,15,26,28,37,51,57,56,56,49,27,31,25,25,23,29,31
2014/11/20,豐原,PM10,23,21,32,27,30,17,20,20,20,28,22,15,20,34,58,61,67,77,70,56,37,37,36,44
2014/11/20,豐原,PM2.5,10,8,8,2,2,0,4,14,25,20,11,5,13,25,26,26,25,34,39,38,33,24,24,24
2014/11/20,豐原,RAINFALL,NR,NR,NR,NR,NR,NR,NR,NR,NR,NR,NR,NR,NR,NR,NR,NR,NR,NR,NR,NR,NR,NR,NR,NR
2014/11/20,豐原,RH,77,80,84,86,85,84,79,79,70,62,60,55,55,56,58,59,65,73,78,81,82,86,86,87
2014/11/20,豐原,SO2,2,1.8,2.1,2.3,2.1,2,1.8,1.4,1,1.1,5.3,3.5,2.5,3.7,2.6,1.6,1.7,2.2,1.8,1.7,1.6,1.7,1.8,1.7
2014/11/20,豐原,THC,1.7,1.8,1.8,1.8,1.8,1.8,1.8,1.8,1.8,1.8,1.8,1.8,1.8,1.8,1.8,1.7,1.8,2.1,1.8,1.9,1.8,1.8,1.8,1.8
2014/11/20,豐原,WD_HR,98,121,117,110,91,61,49,59,57,315,299,297,311,296,306,315,334,33,72,108,122,115,116,109
2014/11/20,豐原,WIND_DIREC,110,115,128,113,112,59,47,51,49,300,305,299,314,311,312,307,58,49,90,111,121,117,117,114
2014/11/20,豐原,WIND_SPEED,1.4,0.6,1.6,1.6,2,1.8,1.4,1.8,1.7,2.3,2.2,2.3,2,3.4,3.1,2.7,1.7,1.1,1.5,1.7,2,2.1,2.2,1.9
2014/11/20,豐原,WS_HR,1.7,0.7,1.3,1.4,0.9,0.9,0.8,1.1,1.3,1.5,2,1.7,1.6,2.7,2.2,2.3,0.9,0.5,1.3,1.4,1.2,1.8,2.1,1.9
2014/12/1,豐原,AMB_TEMP,23,23,23,22,21,21,20,20,19,19,20,21,21,21,20,18,17,17,17,15,15,15,14,14
2014/12/1,豐原,CH4,1.6,1.7,1.7,1.7,1.7,1.7,1.8,1.8,1.8,1.8,1.8,1.8,1.8,1.8,1.8,1.8,1.8,1.8,1.8,1.8,1.8,1.8,1.8,1.8
2014/12/1,豐原,CO,0.22,0.2,0.18,0.3,0.4,0.49,0.59,0.66,0.68,0.66,0.62,0.58,0.55,0.51,0.54,0.57,0.61,0.69,0.79,0.67,0.61,0.52,0.46,0.44
2014/12/1,豐原,NMHC,0.07,0.07,0.03,0.06,0.05,0.07,0.1,0.11,0.15,0.17,0.14,0.15,0.1,0.09,0.11,0.13,0.13,0.1,0.14,0.1,0.09,0.07,0.05,0.05
2014/12/1,豐原,NO,1.5,1.3,1.4,1.1,0.9,1,1.3,2.1,3.5,3.8,3,2.2,1.8,2.3,2.4,2.3,3.1,1.5,0.8,1,1,0.7,0.6,0.7
2014/12/1,豐原,NO2,6.1,6.1,4.6,6,6.3,6.9,9.8,9.7,11,11,8.8,8.1,7.4,7.8,9.1,11,13,9.4,12,11,10,8.7,6,5.1
2014/12/1,豐原,NOx,7.6,7.4,6,7,7.1,7.9,11,12,14,14,12,10,9.3,10,11,14,16,11,13,12,11,9.4,6.6,5.8
2014/12/1,豐原,O3,16,18,27,33,22,20,15,14,14,16,21,30,35,34,32,31,26,25,22,26,27,35,36,33
2014/12/1,豐原,PM10,34,19,24,29,35,35,26,12,18,15,19,10,10,23,31,39,40,27,32,37,48,45,50,55
2014/12/1,豐原,PM2.5,22,17,17,22,27,26,9,4,0,0,3,4,4,4,1,18,30,33,15,10,10,16,20,21
2014/12/1,豐原,RAINFALL,NR,NR,NR,NR,NR,NR,NR,NR,NR,NR,NR,NR,NR,NR,NR,NR,NR,NR,NR,NR,NR,NR,0.2,0.2
2014/12/1,豐原,RH,79,78,81,82,79,76,79,78,78,77,71,65,63,59,61,66,70,73,74,78,78,75,80,83
2014/12/1,豐原,SO2,1.8,1.6,2.5,3.2,1.5,1.4,1.3,1.4,1.3,1.1,1,0.5,0.2,2.4,2.7,3.8,4.5,4.6,4.8,4.9,4.7,4.9,4.3,3.7
2014/12/1,豐原,THC,1.7,1.7,1.7,1.7,1.8,1.8,1.9,1.9,2,2,1.9,1.9,1.9,1.9,1.9,2,2,1.9,2,1.9,1.9,1.8,1.8,1.8
2014/12/1,豐原,WD_HR,90,49,82,85,58,56,61,65,55,56,62,74,102,106,99,87,59,69,71,72,61,63,63,78
2014/12/1,豐原,WIND_DIREC,93,50,99,71,58,57,58,84,335,56,119,94,94,111,98,86,57,79,104,70,66,54,66,28
2014/12/1,豐原,WIND_SPEED,1.8,2.1,3.2,4,3.3,1.9,4.3,3.1,2.5,2.4,2.9,3.3,2.8,3.6,4.2,2.9,4.5,3,1.8,2.4,2.7,4.8,3.6,2.8
2014/12/1,豐原,WS_HR,1.3,0.9,1,2.2,3.7,2.3,2.1,2.4,0.8,0.9,1.1,1.1,1,1,1.7,2.1,3.6,2.5,1.3,1.9,2.2,2.4,3.5,2.3
2014/12/2,豐原,AMB_TEMP,14,14,14,14,13,13,13,14,14,15,15,16,16,17,17,17,16,16,15,15,16,16,15,15
2014/12/2,豐原,CH4,1.7,1.7,1.8,1.7,1.8,1.7,1.7,1.8,1.7,1.8,1.7,1.7,1.7,1.7,1.7,1.7,1.7,1.7,1.7,1.7,1.7,1.8,1.8,1.8
2014/12/2,豐原,CO,0.4,0.38,0.37,0.36,0.41,0.41,0.41,0.52,0.53,0.45,0.42,0.38,0.36,0.3,0.28,0.29,0.32,0.39,0.33,0.34,0.36,0.51,0.41,0.39
2014/12/2,豐原,NMHC,0.04,0.04,0.04,0.04,0.05,0.05,0.04,0.08,0.11,0.12,0.13,0.09,0.07,0.06,0.1,0.11,0.16,0.19,0.11,0.12,0.12,0.22,0.18,0.21
2014/12/2,豐原,NO,0.8,0.8,0.8,1,0.9,0.7,0.8,1.4,3.1,5.9,4.4,4,2.8,2.6,2.6,3.8,3.3,3.6,1,1.1,2.2,8,2.7,2.4
2014/12/2,豐原,NO2,5.4,4.9,4.3,4.4,6.5,5.8,5.5,8.8,12,13,12,9.7,8.1,7.9,9.4,12,15,17,11,12,11,18,19,22
2014/12/2,豐原,NOx,6.2,5.7,5.1,5.4,7.4,6.5,6.3,10,15,19,16,14,11,11,12,16,18,21,12,13,13,26,21,24
2014/12/2,豐原,O3,30,29,30,30,27,27,25,22,17,17,19,21,24,27,26,23,19,14,18,12,8,1.9,3.5,2.4
2014/12/2,豐原,PM10,53,38,25,17,33,53,55,30,12,26,35,34,10,23,36,45,29,26,26,32,21,22,25,43
2014/12/2,豐原,PM2.5,14,6,0,10,15,24,15,14,14,21,21,21,22,16,12,4,13,13,17,7,5,4,20,19
2014/12/2,豐原,RAINFALL,NR,NR,0.2,0.4,0.2,0.4,0.2,0.2,NR,NR,0.2,NR,NR,NR,NR,NR,NR,NR,NR,NR,NR,NR,NR,NR
2014/12/2,豐原,RH,85,84,84,85,86,88,88,87,86,84,83,80,78,73,71,71,74,76,79,81,83,84,84,83
2014/12/2,豐原,SO2,2.2,1.3,1.4,1.4,2.2,1.5,1.3,1.1,1.3,1.3,1.1,0.9,0.4,0.9,0.8,1.3,1.6,1.5,1.5,1.1,1.1,1.3,1.8,2.2
2014/12/2,豐原,THC,1.8,1.8,1.8,1.8,1.8,1.8,1.8,1.8,1.9,1.9,1.9,1.8,1.8,1.8,1.8,1.8,1.9,1.9,1.8,1.8,1.9,2,2,2
2014/12/2,豐原,WD_HR,81,52,39,46,324,59,89,89,74,69,58,67,60,58,59,58,57,50,53,66,103,82,297,22
2014/12/2,豐原,WIND_DIREC,63,64,52,2.1,94,72,99,62,92,74,50,56,69,56,76,66,34,73,52,90,108,277,315,44
2014/12/2,豐原,WIND_SPEED,2.9,2.3,2.4,1.6,1.9,1.6,3.2,1.7,2.3,2.1,3.8,2.5,3,2.5,2.1,1.9,1.8,1.3,1.3,0.8,1.1,1.2,1,0.6
2014/12/2,豐原,WS_HR,1.8,1.1,1.1,0.9,1,0.9,2.9,1.7,1.2,1.1,1.7,1.6,1.8,2.3,1.4,1.2,0.7,0.7,1.2,0.8,0.8,0.1,0.8,0.5
2014/12/3,豐原,AMB_TEMP,16,16,16,17,18,18,18,18,18,19,21,22,22,22,22,21,20,20,19,19,20,20,19,19
2014/12/3,豐原,CH4,1.8,1.8,1.8,1.8,1.7,1.7,1.8,1.8,1.9,1.8,1.8,1.8,1.8,1.8,1.8,1.7,1.7,1.7,1.8,1.7,1.7,1.7,1.7,1.7
2014/12/3,豐原,CO,0.5,0.47,0.36,0.32,0.33,0.4,0.45,0.97,0.99,0.5,0.7,0.6,0.73,0.57,0.51,0.44,0.35,0.53,0.59,0.34,0.37,0.41,0.39,0.39
2014/12/3,豐原,NMHC,0.25,0.21,0.14,0.11,0.07,0.12,0.14,0.35,0.39,0.18,0.35,0.32,0.41,0.35,0.31,0.24,0.17,0.25,0.34,0.12,0.11,0.14,0.12,0.14
2014/12/3,豐原,NO,4.4,4.1,2.8,1.8,1.3,2,3.3,21,27,11,14,6.1,4.6,3.5,3.3,2.6,1.5,3.1,3.1,1.5,1.7,1.4,1.6,1.8
2014/12/3,豐原,NO2,19,15,11,9.9,5.9,11,13,20,27,24,30,22,28,22,18,20,18,24,28,17,13,16,16,13
2014/12/3,豐原,NOx,24,19,14,12,7.2,13,16,40,53,36,44,28,33,25,21,22,20,27,31,18,14,17,17,15
2014/12/3,豐原,O3,1.1,1.1,6.6,18,25,13,9.8,4,5.6,15,17,32,45,40,44,40,41,29,19,30,29,23,18,12
2014/12/3,豐原,PM10,47,35,30,25,23,15,10,11,26,37,47,56,65,77,80,75,83,83,88,78,72,69,65,55
2014/12/3,豐原,PM2.5,20,5,12,15,22,14,6,4,13,20,31,32,37,28,32,38,36,35,27,24,21,26,34,29
2014/12/3,豐原,RAINFALL,NR,NR,NR,NR,NR,NR,NR,NR,NR,NR,NR,NR,NR,NR,NR,NR,NR,NR,NR,NR,NR,NR,NR,NR
2014/12/3,豐原,RH,85,87,87,82,80,85,84,82,81,71,66,62,59,60,59,67,76,80,84,86,83,83,89,91
2014/12/3,豐原,SO2,2.5,1.9,1.7,2,2.1,1.8,1.7,1.7,4.5,6.2,6,2.9,2.9,3.3,3.8,4.2,3.3,2.7,3,2.7,1.7,1.8,1.5,1.1
2014/12/3,豐原,THC,2.1,2,1.9,1.9,1.8,1.9,1.9,2.1,2.3,1.9,2.1,2.1,2.2,2.1,2.1,2,1.9,2,2.1,1.8,1.8,1.9,1.9,1.9
2014/12/3,豐原,WD_HR,54,102,92,125,120,88,66,99,46,360,217,223,215,210,214,274,295,81,306,67,91,335,91,119
2014/12/3,豐原,WIND_DIREC,87,95,72,138,116,78,98,210,33,260,166,236,218,210,216,304,300,132,315,80,74,56,112,93
2014/12/3,豐原,WIND_SPEED,1,1.3,1.8,2.7,2.2,0.9,1.4,1.8,1,1.5,1.2,2.7,3.3,2.8,3,1.6,1.6,0.9,3.1,1.8,2.4,1.1,0.8,0.8
2014/12/3,豐原,WS_HR,0.7,0.6,1.3,1.4,2.3,0.8,1.3,0.1,0.5,0.3,0.9,1.4,3.2,2.8,2.7,1.4,1.6,0.5,1.7,1.3,2.4,0.5,0.7,0.7
2014/12/4,豐原,AMB_TEMP,19,18,18,17,16,15,14,15,14,14,15,15,15,14,13,12,12,12,12,12,12,12,12,12
2014/12/4,豐原,CH4,1.8,1.8,-0.2,-0.2,-0.2,-0.2,-0.2,-0.2,-0.2,-0.2,-0.2,1.8,1.8,1.8,1.8,1.8,1.8,1.8,1.8,1.8,1.8,1.8,1.8,1.8
2014/12/4,豐原,CO,0.41,0.34,-0.12,0.26,0.39,0.46,0.46,0.5,0.45,0.4,0.41,0.44,0.41,0.47,0.46,0.47,0.46,0.46,0.46,0.46,0.46,0.46,0.46,0.46
2014/12/4,豐原,NMHC,0.18,0.16,0,0.02,0.02,0.02,0.02,0.02,0.02,0.02,0.03,0.15,0.14,0.16,0.15,0.16,0.12,0.12,0.12,0.12,0.12,0.12,0.12,0.12
2014/12/4,豐原,NO,1.6,1.5,6.6,-1.1,1.2,1.6,1.8,2.3,3,3.6,3.9,4.9,3.3,3.7,5,4.9,3.6,3.6,3.6,3.6,3.6,3.6,3.6,3.6
2014/12/4,豐原,NO2,15,17,9,5.5,9.8,18,17,15,14,12,12,15,12,17,18,17,16,16,16,16,16,16,16,16
2014/12/4,豐原,NOx,17,18,16,4.4,11,20,19,17,17,16,16,20,16,21,23,22,19,19,19,19,19,19,19,19
2014/12/4,豐原,O3,10,14,1,24,21,13,14,15,17,20,20,18,21,16,18,19,19,19,19,19,19,19,19,19
2014/12/4,豐原,PM10,47,50,50,0,3,2,7,8,8,2,6,9,10,3,19,34,34,34,34,34,34,34,34,34
2014/12/4,豐原,PM2.5,21,21,21,0,0,0,0,0,0,0,0,0,0,0,0,10,18,18,18,18,18,18,18,18
2014/12/4,豐原,RAINFALL,1.6,3.6,0,2.6,NR,0.8,0.4,NR,0.2,0.6,NR,0.2,NR,0.2,NR,NR,NR,NR,NR,NR,NR,NR,NR,NR
2014/12/4,豐原,RH,93,96,99,94,89,87,85,82,86,89,86,88,89,90,89,88,86,86,86,86,86,86,86,86
2014/12/4,豐原,SO2,1.1,2.3,0.1,0.1,0.1,0.1,0.1,0.1,0.1,0.1,0.1,0.1,0.1,0.1,0.1,0.1,0.1,0.1,0.1,0.1,0.1,0.1,0.1,0.1
2014/12/4,豐原,THC,2,2,-0.2,-0.2,-0.2,-0.2,-0.2,-0.2,-0.2,-0.2,-0.2,1.9,1.9,1.9,1.9,1.9,1.9,1.9,1.9,1.9,1.9,1.9,1.9,1.9
2014/12/4,豐原,WD_HR,315,3.6,339,84,90,61,55,55,63,60,50,337,360,40,58,66,64,64,64,64,64,64,64,64
2014/12/4,豐原,WIND_DIREC,297,3.1,340,84,76,81,54,294,298,56,50,330,333,62,53,72,56,56,56,56,56,56,56,56
2014/12/4,豐原,WIND_SPEED,1.2,1.2,2.8,3.6,2.5,3.7,3.9,2.1,2.2,6.5,1.2,1.8,2.6,3.7,5.3,3.6,4.5,4.5,4.5,4.5,4.5,4.5,4.5,4.5
2014/12/4,豐原,WS_HR,0.7,0.5,1.8,1.4,1.7,1.1,5.2,2.5,1.7,2.4,1.5,0.7,0.7,0.8,2.4,2.4,2.9,2.9,2.9,2.9,2.9,2.9,2.9,2.9
2014/12/5,豐原,AMB_TEMP,12,12,12,12,12,12,12,12,12,13,15,15,15,16,17,17,16,14,13,12,12,12,11,12
2014/12/5,豐原,CH4,1.7,1.7,1.7,1.7,1.7,1.7,1.7,1.7,1.7,1.7,1.8,1.8,1.8,1.8,1.8,1.8,1.8,1.8,1.8,1.8,1.8,1.8,1.8,1.8
2014/12/5,豐原,CO,0.28,0.28,0.28,0.28,0.28,0.3,0.3,0.31,0.31,0.32,0.33,0.34,0.33,0.33,0.33,0.33,0.45,0.44,0.38,0.45,0.38,0.48,0.53,0.34
2014/12/5,豐原,NMHC,0.04,0.04,0.04,0.04,0.04,0.03,0.04,0.05,0.05,0.08,0.08,0.09,0.08,0.05,0.07,0.1,0.23,0.15,0.12,0.31,0.21,0.42,0.28,0.09
2014/12/5,豐原,NO,1.1,1.1,1.1,1.1,1.1,1.3,1.5,1.4,1.9,2.6,2.8,2,1.1,0.8,1,1.3,1.5,1,0.8,0.9,0.7,1.3,2.8,0.9
2014/12/5,豐原,NO2,3.2,3.2,3.2,3.2,3.2,3.2,3.4,4,5.1,5.3,9.3,8.5,6.8,6.2,6.7,9.2,13,17,12,13,12,19,20,8.7
2014/12/5,豐原,NOx,4.3,4.3,4.3,4.3,4.3,4.6,4.9,5.4,7,7.9,12,11,7.9,7,7.7,10,14,17,13,14,13,20,22,9.6
2014/12/5,豐原,O3,15,15,15,15,15,30,28,27,27,25,25,27,33,31,39,39,33,25,26,23,21,9.2,5.8,18
2014/12/5,豐原,PM10,31,31,31,31,31,20,25,34,32,27,27,33,30,33,40,60,75,73,71,59,61,55,48,41
2014/12/5,豐原,PM2.5,20,20,20,20,20,21,29,29,27,21,13,4,7,12,13,11,18,28,33,37,30,19,7,7
2014/12/5,豐原,RAINFALL,NR,NR,NR,NR,NR,NR,NR,NR,NR,NR,NR,NR,NR,NR,NR,NR,NR,NR,NR,NR,NR,NR,NR,NR
2014/12/5,豐原,RH,73,73,73,73,73,71,70,68,66,66,62,61,60,58,56,55,58,64,67,71,72,77,81,78
2014/12/5,豐原,SO2,0.1,0.1,0.1,0.1,0.1,0.1,0.1,0.1,0.1,0.1,0.1,0.1,0.1,0.1,0.1,3.3,2.7,1.9,1.5,1.3,0.9,0.4,0.5,0.2
2014/12/5,豐原,THC,1.8,1.8,1.8,1.8,1.8,1.8,1.8,1.8,1.8,1.8,1.8,1.8,1.8,1.8,1.8,1.9,2,1.9,1.9,2.1,2,2.2,2.1,1.9
2014/12/5,豐原,WD_HR,70,70,70,70,70,58,60,63,62,64,71,56,59,59,53,55,57,65,35,69,52,355,42,66
2014/12/5,豐原,WIND_DIREC,70,70,70,70,70,59,73,57,75,70,85,303,55,60,54,80,70,53,318,76,50,118,53,62
2014/12/5,豐原,WIND_SPEED,3.2,3.2,3.2,3.2,3.2,4,4,3.9,2.2,3,2.6,2.6,3.3,3.7,2.5,1.8,1.5,1.7,2.6,2.3,1.1,0.8,1.3,1.3
2014/12/5,豐原,WS_HR,2.1,2.1,2.1,2.1,2.1,3.4,3.3,2.9,2.2,1.3,1.4,1.7,2,2.7,2.9,1.7,0.5,1.1,0.8,0.8,0.8,0.4,0.5,0.9
2014/12/6,豐原,AMB_TEMP,12,12,12,12,12,11,10,11,13,16,17,19,20,20,21,20,19,18,17,16,15,14,14,14
2014/12/6,豐原,CH4,1.8,1.7,1.7,1.7,1.7,1.7,1.7,1.7,1.7,1.7,1.7,1.7,1.7,1.7,1.7,1.7,1.7,1.7,1.7,1.7,1.7,1.7,1.7,1.7
2014/12/6,豐原,CO,0.31,0.27,0.26,0.22,0.24,0.25,0.3,0.43,0.39,0.38,0.29,0.33,0.34,0.31,0.31,0.3,0.33,0.44,0.5,0.43,0.36,0.38,0.37,0.34
2014/12/6,豐原,NMHC,0.07,0.06,0.07,0.04,0.09,0.08,0.07,0.11,0.12,0.2,0.08,0.09,0.08,0.06,0.08,0.13,0.14,0.16,0.22,0.15,0.12,0.11,0.1,0.08
2014/12/6,豐原,NO,0.4,0.5,0.4,1.2,1.1,1.2,1.5,3.7,5.3,5.8,4.1,7.6,3.9,2,2.2,1.5,1.1,1.4,1.6,1.5,1.5,1.4,1.4,1.3
2014/12/6,豐原,NO2,6.9,6.5,6.3,4.7,4.2,5.5,8,15,12,13,9.9,18,12,8.6,13,9.3,12,16,18,14,11,11,11,9
2014/12/6,豐原,NOx,7.3,7,6.7,6,5.2,6.7,9.5,19,18,19,14,25,16,11,15,11,13,17,20,15,12,13,12,10
2014/12/6,豐原,O3,14,13,12,20,24,19,17,16,20,21,29,28,40,50,49,53,45,37,28,29,26,23,23,22
2014/12/6,豐原,PM10,34,28,22,16,7,4,10,15,14,19,15,25,38,53,57,50,52,60,61,55,37,25,26,29
2014/12/6,豐原,PM2.5,7,2,0,0,1,5,9,8,2,1,4,7,10,16,15,16,22,25,27,18,19,12,10,6
2014/12/6,豐原,RAINFALL,NR,NR,NR,NR,NR,NR,NR,NR,NR,NR,NR,NR,NR,NR,NR,NR,NR,NR,NR,NR,NR,NR,NR,NR
2014/12/6,豐原,RH,80,79,79,73,68,73,74,70,61,54,49,44,43,46,45,46,49,54,61,67,74,77,79,81
2014/12/6,豐原,SO2,0.4,1.1,1,1,1,0.9,1,2.2,2.2,1.9,2,5.1,3.1,2.7,3.6,1.4,1.8,0.9,0.4,0.2,0,-0.2,-0.4,-0.5
2014/12/6,豐原,THC,1.8,1.8,1.8,1.8,1.8,1.8,1.8,1.8,1.8,1.9,1.8,1.8,1.8,1.8,1.8,1.9,1.9,1.9,2,1.9,1.8,1.8,1.8,1.8
2014/12/6,豐原,WD_HR,54,60,50,53,64,84,60,57,61,7.2,311,300,302,306,305,326,59,78,106,117,111,114,106,107
2014/12/6,豐原,WIND_DIREC,51,60,44,55,52,85,49,69,61,329,313,241,310,330,297,97,55,103,115,114,110,117,103,111
2014/12/6,豐原,WIND_SPEED,1.3,1.2,1,2.3,1.8,2.7,1.7,1.7,1.9,1.8,1.8,1.1,2.6,2.2,2.4,2.5,1.2,2,1.4,2.4,2.3,2.1,2,2.2
2014/12/6,豐原,WS_HR,0.9,1.5,1.3,1.5,1.6,1.1,1.2,1.3,1.2,0.5,1.2,1.4,2.2,1.9,1.2,0.9,1.1,1.4,1,1.5,2.3,2.2,2,2
2014/12/7,豐原,AMB_TEMP,14,14,14,14,14,14,13,14,16,19,20,22,22,22,21,21,20,19,17,16,16,16,15,16
2014/12/7,豐原,CH4,1.7,1.8,1.8,1.8,1.7,1.7,1.8,1.7,1.8,1.7,1.7,1.7,1.7,1.7,1.7,1.7,1.7,1.7,1.7,1.7,1.7,1.8,1.8,1.8
2014/12/7,豐原,CO,0.35,0.39,0.39,0.36,0.27,0.34,0.43,0.6,0.89,0.66,0.47,0.48,0.42,0.36,0.36,0.38,0.35,0.36,0.42,0.39,0.44,0.4,0.4,0.36
2014/12/7,豐原,NMHC,0.09,0.1,0.11,0.1,0.06,0.09,0.16,0.2,0.4,0.15,0.06,0.08,0.08,0.07,0.07,0.08,0.08,0.08,0.12,0.12,0.13,0.12,0.11,0.09
2014/12/7,豐原,NO,1.4,1.1,1,0.8,0.5,0.6,2,3.1,14,11,4.8,2.9,2.2,1.3,0.9,1,0.7,0.7,0.7,0.7,0.7,0.7,0.8,0.6
2014/12/7,豐原,NO2,8.5,8.7,8.7,7.3,6,7.9,12,12,22,26,19,16,13,10,11,12,18,13,15,14,18,15,13,9.2
2014/12/7,豐原,NOx,9.8,9.8,9.7,8.1,6.6,8.5,14,15,36,36,24,19,16,12,12,13,19,13,16,15,19,15,13,9.8
2014/12/7,豐原,O3,25,28,28,21,19,23,13,13,9.5,21,40,46,59,64,66,66,51,45,29,24,22,26,25,27
2014/12/7,豐原,PM10,23,28,35,32,20,15,12,9,3,22,27,48,45,65,67,64,57,50,55,59,58,62,60,59
2014/12/7,豐原,PM2.5,8,6,19,21,20,4,0,0,0,3,14,19,29,29,34,35,36,40,31,35,37,35,34,26
2014/12/7,豐原,RAINFALL,NR,NR,NR,NR,NR,NR,NR,NR,NR,NR,NR,NR,NR,NR,NR,NR,NR,NR,NR,NR,NR,NR,NR,NR
2014/12/7,豐原,RH,80,81,81,81,80,79,79,74,71,58,49,44,45,46,47,51,61,69,78,83,81,81,81,80
2014/12/7,豐原,SO2,1.2,1.4,1.4,1.2,1,1,1,1.1,2.5,7.9,9,6.3,4.4,3.3,3.1,2.6,3.2,1.4,0.4,0.2,0.4,0,-0.3,-0.3
2014/12/7,豐原,THC,1.8,1.9,1.9,1.9,1.8,1.8,1.9,1.9,2.2,1.9,1.8,1.8,1.8,1.8,1.8,1.8,1.8,1.8,1.9,1.8,1.9,1.9,1.9,1.8
2014/12/7,豐原,WD_HR,106,107,102,94,115,110,108,107,45,45,303,272,305,310,312,310,316,31,112,108,90,104,104,103
2014/12/7,豐原,WIND_DIREC,106,108,94,83,120,119,116,62,36,59,220,306,317,308,324,313,339,43,119,75,97,111,96,115
2014/12/7,豐原,WIND_SPEED,2.2,2,1.9,1.5,3,2.3,2.7,0.6,1.1,1.8,1,2.1,3,2.8,2.4,3.5,1.6,1.4,2,1.2,1.3,1.6,1.8,2.6
2014/12/7,豐原,WS_HR,1.9,2.1,2.1,1.7,2.5,2.3,1.8,1.8,0.8,0.8,1.1,1.1,2.1,2.7,2.3,2.9,2.1,0.6,1.6,1.7,1.1,1.3,1.6,1.9
2014/12/8,豐原,AMB_TEMP,16,15,15,15,15,14,14,15,16,18,19,21,21,21,21,20,18,17,16,16,16,15,15,15
2014/12/8,豐原,CH4,1.8,1.8,1.7,1.7,1.7,1.7,1.7,1.7,1.7,1.7,1.7,1.7,1.7,1.7,1.7,1.7,1.7,1.8,1.8,1.8,1.8,1.8,1.8,1.8
2014/12/8,豐原,CO,0.38,0.41,0.31,0.25,0.22,0.25,0.27,0.56,0.24,0.22,0.23,0.26,0.25,0.26,0.29,0.32,0.43,0.62,0.58,0.52,0.54,0.55,0.53,0.48
2014/12/8,豐原,NMHC,0.12,0.15,0.07,0.06,0.06,0.09,0.08,0.17,0.04,0.06,0.06,0.11,0.08,0.09,0.08,0.1,0.14,0.19,0.16,0.11,0.12,0.12,0.11,0.08
2014/12/8,豐原,NO,0.6,0.4,0.6,2,1.8,1.8,1.9,11,2.8,2.4,2.6,2.7,2.4,2.1,2.1,2.3,2,2,1.8,1.7,1.6,1.6,1.5,1.8
2014/12/8,豐原,NO2,11,12,9.4,6.5,6.3,8,9.9,18,6.9,6.4,6.8,8.8,7.8,7.4,7.3,8.8,14,23,19,12,11,12,11,7.6
2014/12/8,豐原,NOx,11,13,10,8.4,8.2,9.8,12,30,9.7,8.8,9.5,11,10,9.5,9.4,11,16,25,21,14,13,14,13,9.4
2014/12/8,豐原,O3,25,18,27,27,26,19,20,11,30,35,38,39,43,44,44,40,33,23,26,29,27,25,25,30
2014/12/8,豐原,PM10,55,35,26,20,20,20,20,34,34,35,49,54,0,0,23,17,15,18,31,42,40,31,12,22
2014/12/8,豐原,PM2.5,27,15,11,11,14,15,15,17,23,24,22,13,-1,-1,7,12,15,25,37,36,34,22,13,4
2014/12/8,豐原,RAINFALL,NR,NR,NR,NR,NR,NR,NR,NR,NR,NR,NR,NR,NR,NR,NR,NR,NR,NR,NR,NR,NR,NR,NR,NR
2014/12/8,豐原,RH,79,80,80,80,82,85,87,86,78,69,64,61,58,57,60,63,70,75,79,80,80,81,82,81
2014/12/8,豐原,SO2,1.1,1.2,1.3,1.1,0.9,0.8,0.6,0.8,0.7,0.8,0.9,1,1,0.8,0.8,0.8,1.2,1.5,1.3,0.9,0.7,0.5,0.2,0.2
2014/12/8,豐原,THC,1.9,1.9,1.8,1.8,1.8,1.8,1.8,1.9,1.7,1.7,1.7,1.8,1.8,1.8,1.8,1.8,1.9,2,1.9,1.9,1.9,1.9,1.9,1.9
2014/12/8,豐原,WD_HR,72,48,69,58,49,52,60,51,54,9.5,338,318,326,87,56,89,84,71,62,60,67,59,58,61
2014/12/8,豐原,WIND_DIREC,47,44,83,65,48,51,64,49,52,318,53,82,312,127,91,69,89,72,54,82,70,48,54,65
2014/12/8,豐原,WIND_SPEED,1.4,1.1,2.4,1.5,1.4,1.8,1.5,2.1,3.2,3.3,1.8,2.2,3.3,3.1,2.8,3.6,2.8,2.5,4.4,2.8,1.7,1.3,1.8,2.1
2014/12/8,豐原,WS_HR,0.7,0.7,1.3,1,1.1,1.2,1.4,1.2,2.7,1.5,1,1.4,1,0.3,0.4,1.4,1.9,1.6,2.4,2.7,1.3,1.2,1.2,2.1
2014/12/9,豐原,AMB_TEMP,15,15,15,14,14,14,14,14,17,18,20,21,22,23,23,23,22,20,20,19,18,18,18,17
2014/12/9,豐原,CH4,1.8,1.8,1.8,1.8,1.8,1.8,1.8,1.8,1.8,1.8,1.7,1.8,1.8,1.8,1.8,1.7,1.7,1.7,1.8,1.8,1.8,1.8,1.8,1.8
2014/12/9,豐原,CO,0.46,0.43,0.41,0.39,0.39,0.39,0.44,0.7,0.54,0.44,0.42,0.49,0.67,0.56,0.62,0.45,0.41,0.55,0.66,0.57,0.55,0.53,0.5,0.47
2014/12/9,豐原,NMHC,0.08,0.08,0.06,0.16,0.12,0.12,0.12,0.23,0.18,0.19,0.18,0.26,0.24,0.24,0.31,0.17,0.24,0.32,0.39,0.35,0.3,0.23,0.22,0.19
2014/12/9,豐原,NO,1.8,1.7,1.9,0.1,0.3,0.5,2,14,5.3,2.4,2.5,2.7,2.2,1.3,1.2,1.5,0.5,0.5,0.3,0.4,1,1.2,0.7,0.7
2014/12/9,豐原,NO2,7,6.6,5.6,6.6,7.5,9.5,13,19,16,11,13,18,19,18,20,21,13,19,25,19,20,18,16,15
2014/12/9,豐原,NOx,8.8,8.3,7.6,6.7,7.9,10,15,33,21,14,15,21,21,19,21,22,13,20,26,19,21,19,17,15
2014/12/9,豐原,O3,30,31,32,23,18,9.1,11,4.6,21,29,36,42,51,68,74,51,43,30,19,20,14,13,15,11
2014/12/9,豐原,PM10,20,19,22,21,23,12,5,3,7,11,34,43,70,80,73,60,60,46,50,37,32,36,45,40
2014/12/9,豐原,PM2.5,4,11,22,23,16,9,4,6,3,13,22,26,18,22,33,40,40,32,30,30,34,37,37,26
2014/12/9,豐原,RAINFALL,NR,NR,NR,NR,NR,NR,NR,NR,NR,NR,NR,NR,NR,NR,NR,0,NR,NR,NR,NR,NR,NR,NR,NR
2014/12/9,豐原,RH,81,82,82,83,85,88,84,84,75,68,60,57,56,49,45,57,63,69,73,76,80,84,83,85
2014/12/9,豐原,SO2,1.9,2.4,2.2,2,1.9,1.7,1.8,2.1,2.3,2.3,3.2,4.6,4,3.7,4.6,5.7,2.5,2.3,2.1,1.8,1.9,1.5,1.3,1.3
2014/12/9,豐原,THC,1.9,1.8,1.8,1.9,1.9,1.9,1.9,2,1.9,1.9,1.9,2,2,2,2.1,1.9,2,2.1,2.2,2.1,2.1,2,2,2
2014/12/9,豐原,WD_HR,63,59,63,67,54,60,51,53,47,341,295,279,244,239,250,317,59,56,72,92,103,93,87,101
2014/12/9,豐原,WIND_DIREC,63,59,61,49,59,58,50,67,52,303,321,303,239,221,318,316,56,68,94,105,99,74,60,82
2014/12/9,豐原,WIND_SPEED,2.5,2.1,2.7,1.2,1.8,2.5,1.8,1.5,1.9,1.2,1.9,1.8,2.1,2.3,2,2.3,1.7,1.4,0.8,0.8,0.9,1,0.6,0.5
2014/12/9,豐原,WS_HR,1.6,1.3,1.8,1,1,1.5,1.4,1.1,1,0.6,1,1.6,1.4,1.4,1.6,1.4,0.8,0.9,0.7,0.7,0.7,0.9,0.4,0.7
2014/12/10,豐原,AMB_TEMP,17,17,17,17,17,17,17,18,19,21,22,22,22,22,21,21,20,20,19,19,19,19,19,19
2014/12/10,豐原,CH4,1.8,1.8,1.8,1.8,1.8,1.8,1.8,1.8,1.7,1.7,1.7,1.7,1.7,1.7,1.7,1.7,1.7,1.7,1.7,1.7,1.7,1.7,1.7,1.7
2014/12/10,豐原,CO,0.45,0.47,0.49,0.51,0.49,0.46,0.51,0.78,0.55,0.39,0.37,0.41,0.41,0.33,0.27,0.29,0.33,0.39,0.29,0.29,0.3,0.3,0.27,0.24
2014/12/10,豐原,NMHC,0.16,0.2,0.22,0.19,0.33,0.34,0.22,0.31,0.22,0.15,0.15,0.17,0.15,0.13,0.13,0.17,0.19,0.18,0.15,0.09,0.12,0.14,0.19,0.14
2014/12/10,豐原,NO,0.5,0.3,0.4,1,1.4,1.6,2.6,5.4,6,1.8,3.4,4.9,4.8,3.1,2.3,2.3,1.9,1.4,1.3,1.4,1.3,1.3,1.2,1.1
2014/12/10,豐原,NO2,11,11,11,11,12,13,17,25,18,9.4,14,18,19,13,11,12,14,15,10,10,11,11,8.4,7.3
2014/12/10,豐原,NOx,12,12,12,12,14,15,20,30,24,11,18,23,24,16,14,14,16,17,12,12,12,12,9.6,8.5
2014/12/10,豐原,O3,16,18,17,20,18,11,8.4,11,25,38,36,37,38,45,41,39,34,31,34,27,25,23,25,26
2014/12/10,豐原,PM10,53,55,75,84,79,57,32,20,22,32,51,50,52,58,73,69,63,61,60,42,21,12,12,15
2014/12/10,豐原,PM2.5,18,19,38,52,53,39,17,9,6,12,16,15,16,20,30,24,32,33,40,24,15,7,16,19
2014/12/10,豐原,RAINFALL,NR,NR,NR,NR,NR,NR,NR,NR,NR,NR,NR,NR,NR,NR,NR,NR,NR,NR,NR,NR,NR,NR,NR,NR
2014/12/10,豐原,RH,85,84,86,85,82,83,84,80,77,70,67,67,71,69,77,79,85,86,87,89,89,88,88,88
2014/12/10,豐原,SO2,1.8,1.9,2,2.1,2,1.7,1.7,1.9,2,2.4,3.7,4.8,4.8,2.5,2.1,2.2,2.3,2.2,1.7,1.7,1.7,1.5,1.4,1.2
2014/12/10,豐原,THC,1.9,2,2,2,2.1,2.1,2,2.1,1.9,1.9,1.9,1.9,1.9,1.8,1.8,1.9,1.9,1.9,1.8,1.8,1.8,1.8,1.9,1.8
2014/12/10,豐原,WD_HR,95,114,102,101,56,39,46,43,74,51,316,315,308,310,301,308,327,71,69,73,75,68,13,57
2014/12/10,豐原,WIND_DIREC,58,118,107,92,57,46,45,61,58,57,308,310,284,274,357,294,49,66,83,49,76,62,49,46
2014/12/10,豐原,WIND_SPEED,0.5,1,1.4,1.2,0.6,1.2,0.8,1,2.1,1.2,3.1,3.8,3.5,3.6,2.2,3.2,1.9,1.4,2.8,2,2.3,1.7,1.1,1.4
2014/12/10,豐原,WS_HR,0.9,0.7,1.2,1.3,0.5,0.7,1,0.7,1.6,0.9,1.5,2.1,2,2.8,0.8,1.2,0.5,0.8,0.9,1.1,1.1,0.8,0.4,0.8
2014/12/11,豐原,AMB_TEMP,19,19,19,18,18,18,18,18,19,19,20,20,20,20,20,20,19,17,17,16,16,15,15,15
2014/12/11,豐原,CH4,1.7,1.7,1.7,1.7,1.7,1.7,1.7,1.7,1.7,1.7,1.8,1.8,1.8,1.8,1.8,1.8,1.8,1.8,1.8,1.8,1.8,1.8,1.8,1.8
2014/12/11,豐原,CO,0.23,0.22,0.22,0.2,0.19,0.21,0.24,0.3,0.27,0.31,0.38,0.5,0.48,0.45,0.48,0.49,0.52,0.57,0.49,0.48,0.54,0.54,0.57,0.56
2014/12/11,豐原,NMHC,0.08,0.1,0.05,0.08,0.11,0.06,0.12,0.09,0.09,0.17,0.19,0.22,0.15,0.14,0.18,0.17,0.21,0.21,0.17,0.12,0.17,0.13,0.11,0.1
2014/12/11,豐原,NO,1.4,1.3,1.2,1.2,1.3,1.1,1.2,1.8,2.3,3.5,4.1,5.4,5.1,4.2,4.3,3.7,3,2.4,2.2,1.3,1.4,1.2,1.2,1.3
2014/12/11,豐原,NO2,6.1,5.6,4.8,5.5,5.5,5.7,8.1,9,8.4,9.8,10,15,14,12,14,15,17,17,16,12,12,12,11,9.6
2014/12/11,豐原,NOx,7.5,6.9,5.9,6.7,6.8,6.9,9.3,11,11,13,14,20,19,16,19,19,20,19,18,13,14,13,13,11
2014/12/11,豐原,O3,26,27,26,24,25,25,22,19,21,18,18,18,19,21,20,18,15,15,15,17,17,18,17,18
2014/12/11,豐原,PM10,9,15,31,31,28,9,5,4,13,22,31,36,35,26,11,15,22,22,12,8,24,26,23,19
2014/12/11,豐原,PM2.5,23,11,6,1,1,1,0,0,1,1,5,4,4,4,7,13,17,17,11,20,29,33,19,6
2014/12/11,豐原,RAINFALL,NR,NR,NR,NR,NR,NR,NR,NR,NR,NR,NR,NR,NR,NR,NR,NR,NR,NR,NR,NR,NR,NR,NR,NR
2014/12/11,豐原,RH,87,88,82,87,89,89,89,88,82,78,75,72,72,71,68,70,75,78,79,81,81,81,81,81
2014/12/11,豐原,SO2,1.8,0.9,0.9,0.7,0.9,0.6,0.6,0.6,0.7,0.9,1,1.5,1.4,1.2,1.2,1.1,1,1.1,0.6,0.5,0.4,0.1,0.1,0.3
2014/12/11,豐原,THC,1.8,1.8,1.7,1.8,1.8,1.8,1.8,1.8,1.8,1.9,1.9,2,1.9,1.9,1.9,1.9,2,2,1.9,1.9,1.9,1.9,1.9,1.9
2014/12/11,豐原,WD_HR,50,69,62,40,68,65,35,72,75,66,346,71,68,67,79,77,65,97,73,78,92,85,68,62
2014/12/11,豐原,WIND_DIREC,28,73,58,53,80,57,82,84,69,282,283,88,60,76,75,84,275,94,67,94,80,84,58,72
2014/12/11,豐原,WIND_SPEED,2,4.3,2,1.3,1.6,1.8,2.1,2.6,2.6,2.5,3.2,2.9,3.8,3,2.8,2.5,2.5,2.8,2.4,2.6,2.2,3.1,2.3,1.9
2014/12/11,豐原,WS_HR,1.3,3.1,2.7,0.6,0.6,1,0.4,1.3,1.4,0.4,0.5,0.5,2.2,2.1,1.6,1.6,1,0.8,1,1.4,0.8,1.1,1.7,1.8
2014/12/12,豐原,AMB_TEMP,15,14,14,15,14,14,14,14,14,14,15,15,14,13,13,12,12,12,11,11,12,12,12,12
2014/12/12,豐原,CH4,1.8,1.8,1.8,1.8,1.8,1.8,1.8,1.8,1.8,1.8,1.8,1.8,1.8,1.8,1.8,1.8,1.8,1.8,1.8,1.8,1.8,1.7,1.7,1.7
2014/12/12,豐原,CO,0.59,0.7,0.66,0.6,0.5,0.44,0.42,0.46,0.44,0.45,0.46,0.49,0.53,0.55,0.55,0.57,0.59,0.65,0.58,0.55,0.47,0.43,0.41,0.39
2014/12/12,豐原,NMHC,0.13,0.12,0.11,0.09,0.1,0.07,0.08,0.12,0.11,0.13,0.18,0.16,0.15,0.21,0.21,0.19,0.17,0.19,0.13,0.11,0.08,0.06,0.06,0.05
2014/12/12,豐原,NO,1.3,1.1,1.5,0.6,0.8,0.6,0.4,1.1,1.2,2.1,3.1,2.8,2.6,3.1,2.6,2,1,1,1,0.8,0.4,0.4,0.3,0.4
2014/12/12,豐原,NO2,8.9,11,11,7,6.6,6.3,7.3,9,9.3,10,9.5,11,12,15,16,16,16,18,13,11,7.9,5.9,5.5,5
2014/12/12,豐原,NOx,10,12,12,7.6,7.4,6.9,7.6,10,11,12,13,14,15,18,19,18,17,19,14,12,8.3,6.3,5.8,5.4
2014/12/12,豐原,O3,16,13,14,17,20,23,23,22,23,22,23,22,21,19,20,22,25,22,27,30,35,36,35,34
2014/12/12,豐原,PM10,16,14,3,2,9,12,11,12,15,17,21,26,45,63,86,91,105,111,103,96,84,104,86,70
2014/12/12,豐原,PM2.5,6,14,12,12,2,4,1,1,3,4,4,0,1,12,26,39,46,48,51,43,34,33,36,28
2014/12/12,豐原,RAINFALL,NR,NR,NR,NR,NR,NR,NR,NR,NR,NR,NR,NR,NR,NR,NR,NR,NR,NR,NR,NR,NR,NR,NR,NR
2014/12/12,豐原,RH,81,84,84,81,83,84,84,83,81,78,73,72,76,77,75,76,76,77,76,74,71,69,67,66
2014/12/12,豐原,SO2,1.2,1.2,1.1,0.8,0.6,0.6,0.5,0.4,0.5,0.6,0.7,0.6,0.6,0.9,1.1,1.3,1.6,1.4,1.5,1.3,1.3,1.2,1.2,1.2
2014/12/12,豐原,THC,1.9,2,1.9,1.9,1.9,1.8,1.8,1.9,1.9,1.9,1.9,1.9,1.9,2,2,2,1.9,2,1.9,1.9,1.8,1.8,1.8,1.8
2014/12/12,豐原,WD_HR,64,66,76,63,75,68,80,84,82,77,72,82,96,84,88,85,83,65,61,57,61,64,61,63
2014/12/12,豐原,WIND_DIREC,69,63,67,79,69,82,78,79,91,78,82,94,102,81,80,98,78,55,63,58,58,59,61,61
2014/12/12,豐原,WIND_SPEED,1.9,2,2.6,2.3,2.3,2.2,2.3,1.9,2.7,3.3,2.2,3.8,2.7,3,2.3,2.8,2.3,3.8,3.2,3.6,4.7,3.8,4,4
2014/12/12,豐原,WS_HR,1.4,1.3,1.3,2,1.2,1.5,1.1,1,1.3,1.4,1,1.8,1.7,0.9,1.4,1.5,1.4,2,2.9,2.8,3.4,3.5,3.5,2.9
2014/12/13,豐原,AMB_TEMP,12,12,12,12,12,12,12,12,13,14,15,16,16,16,15,14,14,13,13,13,12,13,13,13
2014/12/13,豐原,CH4,1.7,1.7,1.7,1.7,1.7,1.7,1.7,1.7,1.7,1.8,1.7,1.7,1.8,1.7,1.8,1.8,1.8,1.8,1.8,1.8,1.8,1.8,1.8,1.8
2014/12/13,豐原,CO,0.38,0.37,0.36,0.35,0.3,0.3,0.29,0.32,0.35,0.35,0.35,0.35,0.35,0.34,0.36,0.36,0.38,0.4,0.32,0.36,0.37,0.35,0.39,0.38
2014/12/13,豐原,NMHC,0.05,0.06,0.05,0.05,0.04,0.04,0.04,0.05,0.06,0.06,0.06,0.08,0.11,0.13,0.12,0.1,0.11,0.09,0.05,0.14,0.1,0.06,0.11,0.12
2014/12/13,豐原,NO,0.7,0.5,0.5,1,1.1,0.7,0.8,0.9,1.4,1.5,1.7,1.2,1.2,1.3,1.7,1.2,1.2,0.8,0.9,0.8,0.8,0.7,0.8,1.1
2014/12/13,豐原,NO2,4.9,4.5,4.8,4.2,3.9,3.6,3.7,4.1,5.7,5.8,6.1,6.4,6.8,6.6,9.4,9.6,11,12,6.6,7.3,9.7,7.3,9.6,10
2014/12/13,豐原,NOx,5.6,5,5.3,5.2,5,4.3,4.4,5.1,7,7.3,7.9,7.6,8,7.9,11,11,13,12,7.5,8.1,11,8,10,11
2014/12/13,豐原,O3,34,34,35,34,33,32,31,30,28,30,33,34,36,38,37,37,34,32,35,31,28,29,25,23
2014/12/13,豐原,PM10,43,41,37,40,58,63,57,48,64,71,70,56,66,54,73,70,98,92,80,59,65,75,71,58
2014/12/13,豐原,PM2.5,24,16,27,21,22,27,29,37,23,17,14,19,25,23,23,19,21,29,38,37,33,21,24,21
2014/12/13,豐原,RAINFALL,NR,NR,NR,NR,NR,NR,NR,NR,NR,NR,NR,NR,NR,NR,NR,NR,NR,NR,NR,NR,NR,NR,NR,NR
2014/12/13,豐原,RH,65,65,65,65,63,62,62,62,61,58,55,53,53,53,54,56,59,61,63,65,67,67,68,68
2014/12/13,豐原,SO2,2.6,2.4,2.7,2.4,2.4,2.2,2.4,2.8,2.9,2.8,2.8,2.8,2.8,2.9,3.2,3.5,4.1,3.4,2.4,2,1.9,1.7,1.4,1.3
2014/12/13,豐原,THC,1.8,1.8,1.8,1.8,1.8,1.8,1.8,1.8,1.8,1.8,1.8,1.8,1.9,1.9,1.9,1.9,1.9,1.9,1.8,1.9,1.9,1.8,1.9,1.9
2014/12/13,豐原,WD_HR,61,58,62,60,64,58,59,62,67,65,63,58,360,10,93,91,67,65,70,29,68,71,55,38
2014/12/13,豐原,WIND_DIREC,63,66,60,61,59,57,57,83,57,60,75,56,75,56,69,110,59,81,77,21,56,62,112,78
2014/12/13,豐原,WIND_SPEED,2.7,1.9,4.1,2.2,4.8,4.5,4.4,3,3.5,3,2.6,1.9,2.9,2.4,2.2,2.7,3.3,2.9,1.8,2.3,2,1.4,0.8,1.1
2014/12/13,豐原,WS_HR,2.5,2.2,2.3,3,3.2,4.1,3.9,3.2,2.6,2.5,2.2,1.4,0.6,0.2,0.9,1.5,2,2.1,1.8,0.5,1,1.5,0.5,0.5
2014/12/14,豐原,AMB_TEMP,13,13,13,13,14,14,14,15,16,17,19,20,20,20,21,20,19,18,17,16,16,16,17,16
2014/12/14,豐原,CH4,1.8,1.8,1.8,1.9,1.8,1.8,1.8,1.8,1.8,1.8,1.8,1.8,1.8,1.8,1.8,1.8,1.8,1.8,1.8,1.8,1.8,1.8,1.8,1.8
2014/12/14,豐原,CO,0.36,0.35,0.37,0.44,0.35,0.36,0.4,0.51,0.45,0.41,0.4,0.45,0.45,0.4,0.39,0.42,0.5,0.53,0.67,0.61,0.61,0.55,0.74,0.68
2014/12/14,豐原,NMHC,0.18,0.09,0.24,0.18,0.37,0.15,0.1,0.3,0.11,0.08,0.07,0.09,0.08,0.07,0.08,0.1,0.13,0.16,0.24,0.2,0.18,0.17,0.29,0.23
2014/12/14,豐原,NO,1,1.1,1.2,2,1.9,1.7,1.5,2.8,3.1,2.4,1.7,2.4,1.9,1.9,2,2.3,2.3,1.9,3,3.1,2.4,2.4,4.1,3.2
2014/12/14,豐原,NO2,8,7.7,7.8,13,9.4,9.7,11,18,11,8.2,6.6,9.7,10,9.2,10,17,22,23,28,23,20,19,29,25
2014/12/14,豐原,NOx,9,8.8,9,15,11,11,12,21,14,11,8.3,12,12,11,12,19,24,25,31,26,22,21,33,28
2014/12/14,豐原,O3,23,22,19,12,16,15,19,15,26,38,49,54,60,60,59,46,37,28,15,14,18,18,8.2,9.3
2014/12/14,豐原,PM10,52,37,46,59,60,53,26,28,40,68,88,81,68,58,61,70,84,90,104,91,95,85,89,76
2014/12/14,豐原,PM2.5,26,19,17,19,32,26,21,6,17,14,21,14,32,31,47,55,66,70,66,66,70,70,59,53
2014/12/14,豐原,RAINFALL,NR,NR,NR,NR,NR,NR,NR,NR,NR,NR,NR,NR,NR,NR,NR,NR,NR,NR,NR,NR,NR,NR,NR,NR
2014/12/14,豐原,RH,69,69,70,72,72,73,72,70,66,62,58,54,51,51,51,56,60,65,71,76,75,75,74,76
2014/12/14,豐原,SO2,2.2,1.7,1.9,1.9,1.8,1.5,1.4,1.9,2,2,2.3,3.4,3,2.9,3.1,3.6,6.6,3.7,2.9,2.1,1.9,1.6,1.6,1.4
2014/12/14,豐原,THC,2,1.9,2.1,2,2.2,2,1.9,2.1,1.9,1.9,1.8,1.9,1.8,1.8,1.8,1.9,1.9,1.9,2,2,2,2,2.1,2.1
2014/12/14,豐原,WD_HR,11,31,251,40,351,50,44,26,49,48,331,276,292,293,304,309,310,303,119,119,117,117,66,111
2014/12/14,豐原,WIND_DIREC,52,290,207,336,46,47,45,39,33,57,285,248,313,284,307,308,301,310,124,120,123,119,110,111
2014/12/14,豐原,WIND_SPEED,0.8,0.8,1.3,0.7,0.5,0.8,0.9,1,1.1,1.9,2,1.7,2.7,1.9,3.2,2.4,1.3,0.9,1.8,2.5,1.4,0.8,0.8,1.1
2014/12/14,豐原,WS_HR,0.5,0.6,0.3,0.3,0.4,0.6,0.6,0.5,0.7,0.9,0.3,1.5,2.1,1.7,2.3,2.6,1.6,1.4,1.4,2.1,1.7,1.3,0.3,0.7
2014/12/15,豐原,AMB_TEMP,16,16,15,15,15,15,16,16,18,19,21,21,22,22,22,23,22,20,19,19,19,18,18,18
2014/12/15,豐原,CH4,1.8,1.8,1.8,1.8,1.8,1.8,1.8,1.8,1.8,1.8,1.8,1.7,1.7,1.7,1.7,1.7,1.7,1.7,1.8,1.7,1.8,1.7,1.8,1.8
2014/12/15,豐原,CO,0.56,0.56,0.5,0.47,0.49,0.5,0.52,0.84,0.69,0.47,0.41,0.39,0.36,0.34,0.26,0.25,0.33,0.49,0.5,0.41,0.47,0.42,0.53,0.44
2014/12/15,豐原,NMHC,0.18,0.23,0.1,0.1,0.13,0.15,0.12,0.28,0.24,0.16,0.13,0.13,0.11,0.13,0.12,0.12,0.21,0.34,0.35,0.16,0.25,0.21,0.35,0.25
2014/12/15,豐原,NO,1.9,1.6,1.7,1.6,1.7,1.6,1.8,16,11,3.7,2.9,4.1,3.7,4.1,2.6,2.4,2.4,2.1,1.9,1.7,1.7,2,2.5,1.9
2014/12/15,豐原,NO2,17,17,14,11,11,14,15,26,24,14,13,15,13,16,9.3,7.6,13,19,25,16,21,16,23,18
2014/12/15,豐原,NOx,19,19,16,12,12,16,16,41,34,18,16,19,17,20,12,10,15,21,27,18,22,18,26,20
2014/12/15,豐原,O3,14,13,15,19,17,14,23,4.8,16,34,39,37,42,39,43,43,37,26,20,24,16,17,6.7,10
2014/12/15,豐原,PM10,89,98,84,75,68,78,68,65,55,50,53,60,71,75,55,36,32,51,60,38,35,38,48,47
2014/12/15,豐原,PM2.5,49,57,53,65,64,68,52,42,31,27,35,42,41,29,21,17,24,23,18,23,21,27,14,10
2014/12/15,豐原,RAINFALL,NR,NR,NR,NR,NR,NR,NR,NR,NR,NR,NR,NR,NR,NR,NR,NR,NR,NR,NR,NR,NR,NR,NR,NR
2014/12/15,豐原,RH,79,78,78,78,80,79,74,77,68,60,57,58,56,59,54,42,48,55,64,67,72,71,70,70
2014/12/15,豐原,SO2,1.2,2.8,3.4,3.2,2.3,2,3.1,2.7,3.3,3,3.3,4.2,3.9,4.5,2.3,1.9,2.3,2.1,2.2,1.7,1.6,1.5,1.4,1.2
2014/12/15,豐原,THC,2,2,1.9,1.9,1.9,2,1.9,2.1,2,1.9,1.9,1.9,1.8,1.9,1.8,1.8,1.9,2.1,2.1,1.9,2,1.9,2.1,2
2014/12/15,豐原,WD_HR,114,101,109,106,80,66,59,47,49,71,322,318,315,313,303,314,322,1,58,61,48,69,31,39
2014/12/15,豐原,WIND_DIREC,110,105,105,100,53,62,355,39,72,55,306,318,322,320,316,312,51,324,70,79,12,66,52,54
2014/12/15,豐原,WIND_SPEED,1.5,1.9,1.8,1.3,0.8,1,1.3,1,1.3,1.9,2.4,2.4,3,4.4,3.2,3.1,1.4,1.2,1.9,0.7,1,1.3,1.2,1.1
2014/12/15,豐原,WS_HR,1.6,1.3,1.6,1.6,0.9,0.9,1,0.6,0.6,0.9,1.2,1.7,2,2.6,1.2,1.9,1.3,0.6,0.8,1,0.4,1,1,0.9
2014/12/16,豐原,AMB_TEMP,18,18,17,17,16,16,16,15,15,15,15,16,17,17,17,15,14,13,12,12,12,13,13,12
2014/12/16,豐原,CH4,1.8,1.7,1.8,1.8,1.8,1.7,1.7,1.7,1.8,1.8,1.8,1.8,1.7,1.8,1.8,1.8,1.8,1.8,1.8,1.8,1.8,1.8,1.8,1.8
2014/12/16,豐原,CO,0.33,0.26,0.29,0.32,0.32,0.27,0.25,0.32,0.35,0.37,0.41,0.37,0.33,0.32,0.34,0.39,0.47,0.48,0.55,0.54,0.52,0.44,0.4,0.39
2014/12/16,豐原,NMHC,0.26,0.19,0.11,0.17,0.12,0.19,0.06,0.07,0.1,0.13,0.14,0.13,0.1,0.09,0.15,0.17,0.19,0.13,0.2,0.13,0.13,0.16,0.13,0.12
2014/12/16,豐原,NO,1.5,1.5,1.8,1.4,1.2,1.1,1.3,1.1,1.8,2.4,2.6,1.4,1.2,1,1.3,1.4,1.1,0.4,0.9,0.9,0.6,0.6,0.5,0.6
2014/12/16,豐原,NO2,13,7.5,8.9,11,11,9.4,9,9.2,9.9,9.8,10,8.5,6.7,6.4,7.6,10,14,14,19,14,11,11,8.1,6.3
2014/12/16,豐原,NOx,15,9,11,13,13,10,10,10,12,12,13,9.9,7.8,7.4,8.8,12,15,14,20,15,11,12,8.6,6.9
2014/12/16,豐原,O3,14,22,17,16,15,20,24,27,26,29,31,37,44,46,46,40,34,30,23,26,30,35,40,40
2014/12/16,豐原,PM10,33,37,35,30,28,25,32,30,32,33,25,31,30,45,34,34,34,34,34,34,34,34,34,34
2014/12/16,豐原,PM2.5,5,9,17,26,33,32,24,16,16,21,29,26,21,10,8,16,28,37,39,36,36,31,26,19
2014/12/16,豐原,RAINFALL,NR,NR,NR,NR,NR,NR,NR,NR,NR,NR,NR,NR,NR,NR,NR,NR,NR,NR,NR,NR,NR,NR,NR,NR
2014/12/16,豐原,RH,71,63,74,75,81,81,80,78,74,69,69,59,51,48,50,53,56,61,61,60,52,38,34,38
2014/12/16,豐原,SO2,1.3,1.6,1.7,1.8,1.9,1.8,1.9,2,2.3,2.8,2.9,2.6,2.3,2.5,2.5,3.4,4.3,3.5,3.6,4,3.8,3.2,3.8,4.8
2014/12/16,豐原,THC,2,1.9,1.9,1.9,1.9,1.9,1.8,1.8,1.9,1.9,1.9,1.9,1.8,1.8,1.9,1.9,2,1.9,2,1.9,1.9,1.9,1.9,1.9
2014/12/16,豐原,WD_HR,12,32,63,47,67,69,74,91,89,96,83,89,112,94,104,122,79,65,87,77,76,77,70,72
2014/12/16,豐原,WIND_DIREC,74,340,61,90,68,66,69,92,93,98,73,101,167,82,134,210,63,72,104,90,80,66,72,66
2014/12/16,豐原,WIND_SPEED,1.2,2.6,1.7,2.3,1.6,2,3.2,3.4,3.3,4,3.5,3.3,3.8,2.9,3.3,2.5,4.1,2,2.1,4.8,1.5,1.6,1.5,1.4
2014/12/16,豐原,WS_HR,0.5,0.9,1.5,0.5,1.1,1,1.3,1.5,1.6,1.7,2.3,1.6,0.8,1.6,0.4,0.2,1.4,2.7,0.7,2.3,2.3,0.8,0.8,0.7
2014/12/17,豐原,AMB_TEMP,11,11,10,9.7,10,9.8,9.7,9.8,10,10,11,11,11,12,12,12,11,10,9.5,8.7,8.4,8.5,8.2,8.6
2014/12/17,豐原,CH4,1.8,1.8,1.8,1.8,1.8,1.8,1.8,1.8,1.8,1.8,1.8,1.8,1.7,1.7,1.7,1.7,1.7,1.7,1.7,1.7,1.7,1.7,1.7,1.7
2014/12/17,豐原,CO,0.39,0.39,0.39,0.38,0.35,0.34,0.34,0.34,0.34,0.33,0.32,0.3,0.28,0.24,0.25,0.23,0.23,0.26,0.27,0.24,0.22,0.23,0.24,0.21
2014/12/17,豐原,NMHC,0.09,0.08,0.07,0.07,0.05,0.05,0.05,0.05,0.06,0.07,0.07,0.09,0.07,0.07,0.1,0.07,0.07,0.07,0.07,0.06,0.05,0.05,0.05,0.04
2014/12/17,豐原,NO,0.5,0.2,0.5,2.2,2,2.2,1.9,2.3,2.5,2.7,2.8,2.8,3,2.7,3,3,2.2,2.3,2.3,2.2,2.1,2,2.2,2.1
2014/12/17,豐原,NO2,5.6,5,5.1,6.5,6,5.7,6.1,6.4,6.8,7.8,8,9.8,9.2,8,9.2,9.5,8.8,9.9,9.8,8,6.3,5.8,6.8,4.3
2014/12/17,豐原,NOx,6.1,5.2,5.6,8.6,8.1,7.9,8.1,8.6,9.3,10,11,13,12,11,12,12,11,12,12,10,8.3,7.8,9,6.4
2014/12/17,豐原,O3,41,39,36,33,34,33,32,32,29,29,30,26,29,31,31,32,32,30,30,32,32,31,28,30
2014/12/17,豐原,PM10,34,34,34,34,34,34,34,34,54,54,54,54,54,62,73,60,50,44,43,46,46,33,20,8
2014/12/17,豐原,PM2.5,21,26,26,31,29,21,13,13,21,23,23,20,20,20,12,6,4,11,11,5,0,6,6,5
2014/12/17,豐原,RAINFALL,NR,NR,NR,NR,NR,NR,NR,NR,NR,NR,NR,NR,NR,NR,NR,NR,NR,NR,NR,NR,NR,NR,NR,NR
2014/12/17,豐原,RH,43,48,54,57,54,53,52,50,51,51,50,49,48,48,47,48,49,52,54,56,58,58,61,59
2014/12/17,豐原,SO2,5.2,5,4.9,5,5.5,5.5,5.7,5.6,5.5,5.4,5,5,5,5,5,5,5,5,5,5,5,5,5,5
2014/12/17,豐原,THC,1.9,1.9,1.8,1.8,1.8,1.8,1.8,1.8,1.8,1.8,1.8,1.8,1.8,1.8,1.8,1.8,1.8,1.8,1.8,1.8,1.8,1.8,1.8,1.8
2014/12/17,豐原,WD_HR,69,64,60,69,65,64,65,61,61,63,64,74,70,66,71,61,66,64,77,69,67,72,68,80
2014/12/17,豐原,WIND_DIREC,62,66,57,59,71,70,67,61,61,70,61,72,67,71,79,60,65,72,85,63,63,87,69,65
2014/12/17,豐原,WIND_SPEED,1.4,1.3,1.3,1.9,3.6,3.5,3.9,4.7,4.9,3.5,3.5,2.1,2.9,2.3,2.3,3.6,3.8,3.5,2.2,2.9,2,2,1.4,1.3
2014/12/17,豐原,WS_HR,1,1.1,1,0.9,2.5,3.3,3.7,4.5,4,3.5,3.2,1.3,2.1,2.5,1.3,2.8,3,3.3,1.6,2.2,1.8,1.1,1.1,2.3
2014/12/18,豐原,AMB_TEMP,8.6,8.7,9.1,9.2,9.4,9.3,9.9,11,12,14,16,17,18,18,18,17,16,15,14,14,14,14,14,14
2014/12/18,豐原,CH4,1.7,1.7,1.7,1.7,1.7,1.8,1.8,1.8,1.8,1.8,1.8,1.8,1.8,1.8,1.8,1.7,1.7,1.7,1.8,1.8,1.7,1.8,1.8,1.8
2014/12/18,豐原,CO,0.22,0.23,0.21,0.21,0.23,0.25,0.28,0.48,0.65,0.5,0.38,0.37,0.37,0.38,0.32,0.28,0.31,0.51,0.59,0.47,0.36,0.46,0.41,0.35
2014/12/18,豐原,NMHC,0.07,0.06,0.04,0.04,0.04,0.06,0.08,0.17,0.35,0.33,0.16,0.11,0.09,0.09,0.11,0.12,0.16,0.31,0.27,0.18,0.11,0.22,0.16,0.09
2014/12/18,豐原,NO,2.1,2.1,2.2,0.7,0.6,0.5,0.8,4.2,18,12,3.6,2,1.8,1.7,1.4,1.3,1.2,1.2,2.2,1.9,1.4,1.7,1.7,1.1
2014/12/18,豐原,NO2,4.3,4,3.9,2.7,3,5.4,7,14,24,22,12,9.1,10,11,7.9,8.2,12,18,26,18,11,16,14,8.4
2014/12/18,豐原,NOx,6.4,6.2,6,3.4,3.6,5.8,7.7,18,43,34,16,11,12,13,9.3,9.5,13,20,29,20,13,18,15,9.6
2014/12/18,豐原,O3,27,26,28,29,29,24,26,19,6.8,12,30,40,45,51,48,42,34,21,12,16,21,18,22,29
2014/12/18,豐原,PM10,5,10,10,18,16,22,31,39,36,18,15,27,52,70,73,75,54,55,48,49,43,42,47,45
2014/12/18,豐原,PM2.5,0,2,2,3,3,3,11,13,14,8,3,12,23,29,31,31,36,31,31,34,39,36,24,23
2014/12/18,豐原,RAINFALL,NR,NR,NR,NR,NR,NR,NR,NR,NR,NR,NR,NR,NR,NR,0,NR,NR,NR,NR,NR,NR,NR,NR,NR
2014/12/18,豐原,RH,59,60,59,59,60,62,61,60,62,58,52,49,47,48,46,48,51,55,61,65,65,65,68,69
2014/12/18,豐原,SO2,4.8,4.8,4.8,4.8,4.8,4.8,4.8,4.8,4.8,4.8,4.8,4.8,4.8,4.8,4.8,4.8,4.8,4.6,2.1,2.3,2.2,2.9,2.8,2.8
2014/12/18,豐原,THC,1.8,1.8,1.8,1.8,1.8,1.8,1.8,1.9,2.1,2.1,1.9,1.9,1.9,1.9,1.9,1.9,1.9,2.1,2,1.9,1.9,2,1.9,1.9
2014/12/18,豐原,WD_HR,65,72,75,75,72,67,84,91,54,61,63,333,309,342,320,81,67,62,76,91,115,106,111,112
2014/12/18,豐原,WIND_DIREC,69,58,82,87,70,64,49,80,52,64,25,314,309,327,281,78,62,73,107,109,107,122,117,123
2014/12/18,豐原,WIND_SPEED,2.4,1.2,2.2,1.9,2.2,1.4,1,2.3,0.9,1.7,1.6,2.6,1.7,2.1,3.1,2.2,2,0.8,0.8,1.4,1.1,1.4,1.7,1.3
2014/12/18,豐原,WS_HR,1.6,1,1.5,1.8,1.6,1.4,1.4,1.1,0.6,0.6,0.7,0.9,1.3,0.8,1.4,1,1.1,0.7,0.6,0.9,1.5,0.8,1.4,1.4
2014/12/19,豐原,AMB_TEMP,13,14,14,14,14,14,15,15,15,15,16,16,15,14,14,14,14,14,14,15,14,14,14,15
2014/12/19,豐原,CH4,1.8,1.8,1.8,1.8,1.8,1.8,1.8,1.8,1.8,1.8,1.8,1.8,1.7,1.7,1.7,1.7,1.7,1.7,1.7,1.7,1.7,1.7,1.7,1.7
2014/12/19,豐原,CO,0.35,0.35,0.37,0.38,0.4,0.42,0.52,0.82,0.98,0.48,0.42,0.4,0.31,0.22,0.21,0.22,0.21,0.48,0.38,0.29,0.31,0.26,0.2,0.19
2014/12/19,豐原,NMHC,0.1,0.1,0.21,0.12,0.14,0.14,0.27,0.36,0.45,0.25,0.27,0.22,0.15,0.06,0.05,0.06,0.06,0.31,0.15,0.15,0.22,0.08,0.03,0.04
2014/12/19,豐原,NO,0.9,0.5,0.5,1.1,1.5,1.6,1.8,5.9,22,4.1,4.3,2.5,2.1,1.6,1.6,1.5,1.9,4.1,3.5,1.6,1.8,1.4,1.5,1.4
2014/12/19,豐原,NO2,8,7,8,7,7.1,7.7,16,29,33,24,19,17,12,7.5,7.2,7.7,6.4,25,18,11,14,8.9,4.4,3.7
2014/12/19,豐原,NOx,8.8,7.5,8.5,8.2,8.6,9.3,18,35,55,28,24,20,15,9.1,8.8,9.2,8.3,29,21,12,16,10,5.9,5.1
2014/12/19,豐原,O3,30,33,30,34,37,36,24,13,6.5,17,24,33,36,38,37,35,35,10,17,25,19,22,32,32
2014/12/19,豐原,PM10,45,50,64,51,44,34,40,49,44,68,59,68,46,44,41,27,22,5,28,42,48,36,24,29
2014/12/19,豐原,PM2.5,14,16,13,14,21,19,23,18,17,24,28,33,26,23,21,21,19,19,25,19,11,0,7,7
2014/12/19,豐原,RAINFALL,NR,NR,NR,NR,NR,NR,NR,NR,NR,NR,NR,NR,0.6,1,0.2,0.2,NR,NR,NR,NR,NR,0.2,NR,0.4
2014/12/19,豐原,RH,71,70,71,70,70,71,69,67,69,75,71,67,72,79,82,82,80,85,84,80,83,85,84,82
2014/12/19,豐原,SO2,-0.2,2,2.1,2.2,2.3,2.5,2.8,3.4,5,6.3,5.6,5.2,3.5,2.4,2.2,1.9,2.1,2.9,2.6,2.4,2.7,2.4,2,1.9
2014/12/19,豐原,THC,1.9,1.9,2,1.9,1.9,2,2.1,2.2,2.3,2,2,2,1.9,1.8,1.7,1.8,1.7,2,1.9,1.9,1.9,1.8,1.7,1.7
2014/12/19,豐原,WD_HR,115,119,102,119,97,90,97,62,31,65,60,60,58,79,100,85,81,50,72,68,80,72,79,77
2014/12/19,豐原,WIND_DIREC,118,119,110,123,111,86,111,29,100,60,54,13,68,98,97,84,46,56,75,57,106,102,99,22
2014/12/19,豐原,WIND_SPEED,1.8,1.7,1.8,2,1.6,1.4,0.9,0.8,2.1,1.8,2.1,1.4,1.5,2.6,2.5,1.6,1,1.2,2.4,1.3,2.7,1.9,2.9,0.7
2014/12/19,豐原,WS_HR,1.5,1.4,1.3,1.9,1.3,1,1,0.6,0.5,1,1.4,1.1,0.8,1.8,2.6,1.4,1.7,0.8,2,1.1,1,1.2,1.8,1.6
2014/12/20,豐原,AMB_TEMP,14,14,14,14,14,14,14,14,14,15,15,16,17,18,19,18,17,16,15,14,13,13,13,13
2014/12/20,豐原,CH4,1.7,1.7,1.7,1.7,1.7,1.7,1.7,1.7,1.7,1.7,1.7,1.7,1.7,1.7,1.7,1.7,1.7,1.8,1.8,1.8,1.8,1.8,1.8,1.8
2014/12/20,豐原,CO,0.21,0.2,0.17,0.17,0.16,0.14,0.15,0.21,0.2,0.22,0.22,0.23,0.24,0.23,0.24,0.27,0.31,0.5,0.55,0.48,0.47,0.51,0.57,0.56
2014/12/20,豐原,NMHC,0.06,0.09,0.05,0.06,0.05,0.04,0.03,0.05,0.09,0.09,0.07,0.07,0.06,0.05,0.08,0.11,0.23,0.3,0.2,0.15,0.16,0.16,0.19,0.19
2014/12/20,豐原,NO,1.4,1.6,1.3,0.3,0.3,0.5,0.3,0.8,1.4,2,1.9,1.5,1.5,1.3,1.3,1.3,0.9,1.1,1.3,1,1.5,1.5,1.1,1.3
2014/12/20,豐原,NO2,8.5,8.7,4.1,6.3,4.3,4,4.4,7.3,7.6,8.1,7,6.5,6.4,5.7,6.1,8,11,18,19,13,13,13,13,14
2014/12/20,豐原,NOx,9.9,10,5.4,6.6,4.6,4.5,4.8,8.1,9,10,8.9,8,7.9,7,7.4,9.3,11,19,21,14,15,15,14,15
2014/12/20,豐原,O3,23,22,32,30,32,32,32,28,27,27,31,33,34,36,37,39,37,26,18,18,14,13,13,13
2014/12/20,豐原,PM10,17,22,11,16,5,12,7,19,17,31,19,25,18,20,8,13,28,39,45,54,66,50,32,22
2014/12/20,豐原,PM2.5,6,1,1,1,0,0,0,2,2,8,8,10,4,1,1,7,24,37,49,37,28,17,24,29
2014/12/20,豐原,RAINFALL,0.2,NR,NR,NR,NR,NR,NR,NR,NR,NR,NR,NR,NR,NR,NR,NR,NR,NR,NR,NR,NR,NR,NR,NR
2014/12/20,豐原,RH,88,91,89,88,87,86,82,81,81,75,67,62,59,56,53,56,59,65,73,76,80,82,84,84
2014/12/20,豐原,SO2,1.6,1.4,0.8,1.5,0.7,1,1.1,1.8,2,2.3,2.7,2.8,2.6,2.4,2.6,2.8,3.1,4.1,3.4,2.6,2.2,2.3,2.3,2.3
2014/12/20,豐原,THC,1.8,1.8,1.8,1.8,1.8,1.7,1.7,1.8,1.8,1.8,1.8,1.8,1.8,1.8,1.8,1.8,2,2.1,2,1.9,1.9,1.9,2,2
2014/12/20,豐原,WD_HR,46,13,61,44,55,68,66,70,66,85,67,60,61,60,59,308,327,21,100,109,108,114,108,109
2014/12/20,豐原,WIND_DIREC,36,55,72,327,74,52,59,83,106,105,60,62,58,75,18,311,52,54,121,97,107,118,100,105
2014/12/20,豐原,WIND_SPEED,1.9,2.4,1.9,2.8,2.3,1.9,2.1,3.7,2.8,3.8,4.1,3.2,3.1,2.8,2.3,2.6,1.3,1,1.5,1,1.7,1.5,2,2
2014/12/20,豐原,WS_HR,0.7,0.8,1.8,1,1.9,1.7,2.1,2,2,1.7,3,2.9,2.7,2.8,1.3,1.7,0.7,0.4,1.1,1.4,1.3,1.6,1.8,2
